seed_val:    1
 0.894,     0.900,    [     0.000],    20.086
 0.894,     0.900,    [     0.000],    20.086
 0.894,     0.900,    [     0.000],    20.086
 0.894,     0.900,    [     0.000],    20.086
 0.894,     0.900,    [     0.000],    20.086
 0.894,     0.900,    [     0.000],    20.086
 0.894,     0.900,    [     0.000],    20.086
 0.894,     0.900,    [     0.000],    20.086
 0.894,     0.900,    [     0.000],    20.086
 0.894,     0.900,    [     0.000],    20.086
 0.894,     0.900,    [     0.000],    20.086
 0.894,     0.900,    [     0.000],    20.086
 0.894,     0.900,    [     0.000],    20.086
 0.894,     0.900,    [     0.000],    20.086
 0.894,     0.900,    [     0.000],    20.086

 pctg,    rr,    α,    β
 0.600,     0.921,    [     0.000],    20.086


seed_val:    2
 0.885,     0.920,    [     0.000],    20.086
 0.885,     0.920,    [     0.000],    20.086
 0.885,     0.920,    [     0.000],    20.086
 0.885,     0.920,    [     0.000],    20.086
 0.885,     0.920,    [     0.000],    20.086
 0.885,     0.920,    [     0.000],    20.086
 0.885,     0.920,    [     0.000],    20.086
 0.885,     0.920,    [     0.000],    20.086
 0.885,     0.920,    [     0.000],    20.086
 0.885,     0.920,    [     0.000],    20.086
 0.885,     0.920,    [     0.000],    20.086
 0.885,     0.920,    [     0.000],    20.086
 0.885,     0.920,    [     0.000],    20.086
 0.885,     0.920,    [     0.000],    20.086
 0.885,     0.920,    [     0.000],    20.086

 pctg,    rr,    α,    β
 0.600,     0.906,    [     0.000],    20.086


seed_val:    3
 0.871,     0.919,    [     0.000],    20.086
 0.871,     0.919,    [     0.000],    20.086
 0.871,     0.919,    [     0.000],    20.086
 0.871,     0.919,    [     0.000],    20.086
 0.871,     0.919,    [     0.000],    20.086
 0.871,     0.919,    [     0.000],    20.086
 0.871,     0.919,    [     0.000],    20.086
 0.871,     0.919,    [     0.000],    20.086
 0.871,     0.919,    [     0.000],    20.086
 0.871,     0.919,    [     0.000],    20.086
 0.871,     0.919,    [     0.000],    20.086
 0.871,     0.919,    [     0.000],    20.086
 0.871,     0.919,    [     0.000],    20.086
 0.871,     0.919,    [     0.000],    20.086
 0.871,     0.919,    [     0.000],    20.086

 pctg,    rr,    α,    β
 0.600,     0.922,    [     0.000],    20.086


seed_val:    4
 0.864,     0.909,    [     0.000],    20.086
 0.864,     0.909,    [     0.000],    20.086
 0.864,     0.909,    [     0.000],    20.086
 0.864,     0.909,    [     0.000],    20.086
 0.864,     0.909,    [     0.000],    20.086
 0.864,     0.909,    [     0.000],    20.086
 0.864,     0.909,    [     0.000],    20.086
 0.864,     0.909,    [     0.000],    20.086
 0.864,     0.909,    [     0.000],    20.086
 0.864,     0.909,    [     0.000],    20.086
 0.864,     0.909,    [     0.000],    20.086
 0.864,     0.909,    [     0.000],    20.086
 0.864,     0.909,    [     0.000],    20.086
 0.864,     0.909,    [     0.000],    20.086
 0.864,     0.909,    [     0.000],    20.086

 pctg,    rr,    α,    β
 0.600,     0.920,    [     0.000],    20.086


seed_val:    5
 0.852,     0.901,    [     0.000],    20.086
 0.852,     0.901,    [     0.000],    20.086
 0.852,     0.901,    [     0.000],    20.086
 0.852,     0.901,    [     0.000],    20.086
 0.852,     0.901,    [     0.000],    20.086
 0.852,     0.901,    [     0.000],    20.086
 0.852,     0.901,    [     0.000],    20.086
 0.852,     0.901,    [     0.000],    20.086
 0.852,     0.901,    [     0.000],    20.086
 0.852,     0.901,    [     0.000],    20.086
 0.852,     0.901,    [     0.000],    20.086
 0.852,     0.901,    [     0.000],    20.086
 0.852,     0.901,    [     0.000],    20.086
 0.852,     0.901,    [     0.000],    20.086
 0.852,     0.901,    [     0.000],    20.086

 pctg,    rr,    α,    β
 0.600,     0.934,    [     0.000],    20.086


seed_val:    6
 0.886,     0.897,    [     0.000],    20.086
 0.886,     0.897,    [     0.000],    20.086
 0.886,     0.897,    [     0.000],    20.086
 0.886,     0.897,    [     0.000],    20.086
 0.886,     0.897,    [     0.000],    20.086
 0.886,     0.897,    [     0.000],    20.086
 0.886,     0.897,    [     0.000],    20.086
 0.886,     0.897,    [     0.000],    20.086
 0.886,     0.897,    [     0.000],    20.086
 0.886,     0.897,    [     0.000],    20.086
 0.886,     0.897,    [     0.000],    20.086
 0.886,     0.897,    [     0.000],    20.086
 0.886,     0.897,    [     0.000],    20.086
 0.886,     0.897,    [     0.000],    20.086
 0.886,     0.897,    [     0.000],    20.086

 pctg,    rr,    α,    β
 0.600,     0.904,    [     0.000],    20.086


seed_val:    7
 0.879,     0.925,    [     0.000],    20.086
 0.879,     0.925,    [     0.000],    20.086
 0.879,     0.925,    [     0.000],    20.086
 0.879,     0.925,    [     0.000],    20.086
 0.879,     0.925,    [     0.000],    20.086
 0.879,     0.925,    [     0.000],    20.086
 0.879,     0.925,    [     0.000],    20.086
 0.879,     0.925,    [     0.000],    20.086
 0.879,     0.925,    [     0.000],    20.086
 0.879,     0.925,    [     0.000],    20.086
 0.879,     0.925,    [     0.000],    20.086
 0.879,     0.925,    [     0.000],    20.086
 0.879,     0.925,    [     0.000],    20.086
 0.879,     0.925,    [     0.000],    20.086
 0.879,     0.925,    [     0.000],    20.086

 pctg,    rr,    α,    β
 0.600,     0.896,    [     0.000],    20.086


seed_val:    8
 0.880,     0.874,    [     0.000],    20.086
 0.880,     0.874,    [     0.000],    20.086
 0.880,     0.874,    [     0.000],    20.086
 0.880,     0.874,    [     0.000],    20.086
 0.880,     0.874,    [     0.000],    20.086
 0.880,     0.874,    [     0.000],    20.086
 0.880,     0.874,    [     0.000],    20.086
 0.880,     0.874,    [     0.000],    20.086
 0.880,     0.874,    [     0.000],    20.086
 0.880,     0.874,    [     0.000],    20.086
 0.880,     0.874,    [     0.000],    20.086
 0.880,     0.874,    [     0.000],    20.086
 0.880,     0.874,    [     0.000],    20.086
 0.880,     0.874,    [     0.000],    20.086
 0.880,     0.874,    [     0.000],    20.086

 pctg,    rr,    α,    β
 0.600,     0.920,    [     0.000],    20.086


seed_val:    9
 0.863,     0.901,    [     0.000],    20.086
 0.863,     0.901,    [     0.000],    20.086
 0.863,     0.901,    [     0.000],    20.086
 0.863,     0.901,    [     0.000],    20.086
 0.863,     0.901,    [     0.000],    20.086
 0.863,     0.901,    [     0.000],    20.086
 0.863,     0.901,    [     0.000],    20.086
 0.863,     0.901,    [     0.000],    20.086
 0.863,     0.901,    [     0.000],    20.086
 0.863,     0.901,    [     0.000],    20.086
 0.863,     0.901,    [     0.000],    20.086
 0.863,     0.901,    [     0.000],    20.086
 0.863,     0.901,    [     0.000],    20.086
 0.863,     0.901,    [     0.000],    20.086
 0.863,     0.901,    [     0.000],    20.086

 pctg,    rr,    α,    β
 0.600,     0.925,    [     0.000],    20.086


seed_val:    10
 0.868,     0.917,    [     0.000],    20.086
 0.868,     0.917,    [     0.000],    20.086
 0.868,     0.917,    [     0.000],    20.086
 0.868,     0.917,    [     0.000],    20.086
 0.868,     0.917,    [     0.000],    20.086
 0.868,     0.917,    [     0.000],    20.086
 0.868,     0.917,    [     0.000],    20.086
 0.868,     0.917,    [     0.000],    20.086
 0.868,     0.917,    [     0.000],    20.086
 0.868,     0.917,    [     0.000],    20.086
 0.868,     0.917,    [     0.000],    20.086
 0.868,     0.917,    [     0.000],    20.086
 0.868,     0.917,    [     0.000],    20.086
 0.868,     0.917,    [     0.000],    20.086
 0.868,     0.917,    [     0.000],    20.086

 pctg,    rr,    α,    β
 0.600,     0.915,    [     0.000],    20.086

 trans: climate_2008_precipitation,     0.916 ±  0.011
 α, β: [     0.000] ± [     0.000], 20.086 ±  0.000