seed_val:    1
 0.676,     0.663,    [     0.000],    20.086
 0.723,     0.701,    [     0.000],    20.086
 0.740,     0.722,    [     0.000],    20.086
 0.754,     0.734,    [     0.000],    20.086
 0.761,     0.736,    [     0.000],    20.086
 0.768,     0.746,    [     0.000],    20.086
 0.774,     0.746,    [     0.000],    20.086
 0.779,     0.752,    [     0.000],    20.086
 0.782,     0.757,    [     0.000],    20.086
 0.785,     0.759,    [     0.000],    20.086
 0.788,     0.755,    [     0.000],    20.086
 0.789,     0.763,    [     0.000],    20.086
 0.793,     0.760,    [     0.000],    20.086
 0.795,     0.761,    [     0.000],    20.086
 0.792,     0.756,    [     0.000],    20.086

 pctg,    rr,    α,    β
 0.600,     0.754,    [     0.000],    20.086


seed_val:    2
 0.560,     0.554,    [     0.000],    20.086
 0.696,     0.675,    [     0.000],    20.086
 0.727,     0.712,    [     0.000],    20.086
 0.743,     0.730,    [     0.000],    20.086
 0.756,     0.743,    [     0.000],    20.086
 0.766,     0.752,    [     0.000],    20.086
 0.771,     0.757,    [     0.000],    20.086
 0.775,     0.762,    [     0.000],    20.086
 0.781,     0.767,    [     0.000],    20.086
 0.783,     0.769,    [     0.000],    20.086
 0.793,     0.779,    [     0.000],    20.086
 0.799,     0.787,    [     0.000],    20.086
 0.801,     0.791,    [     0.000],    20.086
 0.803,     0.792,    [     0.000],    20.086
 0.805,     0.796,    [     0.000],    20.086

 pctg,    rr,    α,    β
 0.600,     0.771,    [     0.000],    20.086


seed_val:    3
 0.467,     0.453,    [     0.000],    20.086
 0.643,     0.617,    [     0.000],    20.086
 0.688,     0.658,    [     0.000],    20.086
 0.711,     0.686,    [     0.000],    20.086
 0.727,     0.699,    [     0.000],    20.086
 0.737,     0.712,    [     0.000],    20.086
 0.743,     0.719,    [     0.000],    20.086
 0.749,     0.729,    [     0.000],    20.086
 0.755,     0.737,    [     0.000],    20.086
 0.760,     0.744,    [     0.000],    20.086
 0.765,     0.748,    [     0.000],    20.086
 0.770,     0.760,    [     0.000],    20.086
 0.773,     0.762,    [     0.000],    20.086
 0.777,     0.765,    [     0.000],    20.086
 0.780,     0.769,    [     0.000],    20.086

 pctg,    rr,    α,    β
 0.600,     0.807,    [     0.000],    20.086


seed_val:    4
 0.475,     0.467,    [     0.000],    20.086
 0.657,     0.639,    [     0.000],    20.086
 0.728,     0.695,    [     0.000],    20.086
 0.747,     0.708,    [     0.000],    20.086
 0.760,     0.719,    [     0.000],    20.086
 0.769,     0.729,    [     0.000],    20.086
 0.776,     0.735,    [     0.000],    20.086
 0.784,     0.744,    [     0.000],    20.086
 0.787,     0.744,    [     0.000],    20.086
 0.793,     0.756,    [     0.000],    20.086
 0.797,     0.758,    [     0.000],    20.086
 0.799,     0.760,    [     0.000],    20.086
 0.800,     0.762,    [     0.000],    20.086
 0.802,     0.765,    [     0.000],    20.086
 0.804,     0.766,    [     0.000],    20.086

 pctg,    rr,    α,    β
 0.600,     0.788,    [     0.000],    20.086


seed_val:    5
 0.617,     0.633,    [     0.000],    20.086
 0.684,     0.694,    [     0.000],    20.086
 0.704,     0.707,    [     0.000],    20.086
 0.717,     0.714,    [     0.000],    20.086
 0.725,     0.721,    [     0.000],    20.086
 0.735,     0.729,    [     0.000],    20.086
 0.740,     0.732,    [     0.000],    20.086
 0.749,     0.743,    [     0.000],    20.086
 0.753,     0.749,    [     0.000],    20.086
 0.759,     0.753,    [     0.000],    20.086
 0.764,     0.758,    [     0.000],    20.086
 0.764,     0.761,    [     0.000],    20.086
 0.771,     0.767,    [     0.000],    20.086
 0.773,     0.771,    [     0.000],    20.086
 0.775,     0.775,    [     0.000],    20.086

 pctg,    rr,    α,    β
 0.600,     0.807,    [     0.000],    20.086


seed_val:    6
 0.510,     0.505,    [     0.000],    20.086
 0.627,     0.615,    [     0.000],    20.086
 0.684,     0.658,    [     0.000],    20.086
 0.707,     0.672,    [     0.000],    20.086
 0.724,     0.691,    [     0.000],    20.086
 0.740,     0.710,    [     0.000],    20.086
 0.750,     0.717,    [     0.000],    20.086
 0.756,     0.720,    [     0.000],    20.086
 0.760,     0.730,    [     0.000],    20.086
 0.768,     0.734,    [     0.000],    20.086
 0.769,     0.737,    [     0.000],    20.086
 0.780,     0.739,    [     0.000],    20.086
 0.776,     0.735,    [     0.000],    20.086
 0.786,     0.741,    [     0.000],    20.086
 0.788,     0.745,    [     0.000],    20.086

 pctg,    rr,    α,    β
 0.600,     0.768,    [     0.000],    20.086


seed_val:    7
 0.496,     0.527,    [     0.000],    20.086
 0.649,     0.680,    [     0.000],    20.086
 0.699,     0.728,    [     0.000],    20.086
 0.716,     0.740,    [     0.000],    20.086
 0.734,     0.754,    [     0.000],    20.086
 0.739,     0.756,    [     0.000],    20.086
 0.750,     0.763,    [     0.000],    20.086
 0.759,     0.771,    [     0.000],    20.086
 0.764,     0.775,    [     0.000],    20.086
 0.770,     0.779,    [     0.000],    20.086
 0.772,     0.782,    [     0.000],    20.086
 0.778,     0.788,    [     0.000],    20.086
 0.777,     0.786,    [     0.000],    20.086
 0.784,     0.791,    [     0.000],    20.086
 0.789,     0.793,    [     0.000],    20.086

 pctg,    rr,    α,    β
 0.600,     0.769,    [     0.000],    20.086


seed_val:    8
 0.602,     0.574,    [     0.000],    20.086
 0.697,     0.654,    [     0.000],    20.086
 0.735,     0.686,    [     0.000],    20.086
 0.754,     0.707,    [     0.000],    20.086
 0.765,     0.720,    [     0.000],    20.086
 0.773,     0.724,    [     0.000],    20.086
 0.777,     0.731,    [     0.000],    20.086
 0.783,     0.727,    [     0.000],    20.086
 0.790,     0.741,    [     0.000],    20.086
 0.795,     0.743,    [     0.000],    20.086
 0.798,     0.743,    [     0.000],    20.086
 0.799,     0.743,    [     0.000],    20.086
 0.806,     0.754,    [     0.000],    20.086
 0.808,     0.752,    [     0.000],    20.086
 0.812,     0.756,    [     0.000],    20.086

 pctg,    rr,    α,    β
 0.600,     0.784,    [     0.000],    20.086


seed_val:    9
 0.050,     0.061,    [     0.000],    20.086
 0.408,     0.459,    [     0.000],    20.086
 0.612,     0.633,    [     0.000],    20.086
 0.683,     0.694,    [     0.000],    20.086
 0.702,     0.711,    [     0.000],    20.086
 0.708,     0.717,    [     0.000],    20.086
 0.716,     0.725,    [     0.000],    20.086
 0.722,     0.728,    [     0.000],    20.086
 0.729,     0.736,    [     0.000],    20.086
 0.733,     0.736,    [     0.000],    20.086
 0.736,     0.740,    [     0.000],    20.086
 0.744,     0.747,    [     0.000],    20.086
 0.751,     0.752,    [     0.000],    20.086
 0.757,     0.757,    [     0.000],    20.086
 0.761,     0.757,    [     0.000],    20.086

 pctg,    rr,    α,    β
 0.600,     0.753,    [     0.000],    20.086


seed_val:    10
 0.593,     0.621,    [     0.000],    20.086
 0.679,     0.688,    [     0.000],    20.086
 0.717,     0.734,    [     0.000],    20.086
 0.730,     0.742,    [     0.000],    20.086
 0.745,     0.763,    [     0.000],    20.086
 0.754,     0.772,    [     0.000],    20.086
 0.764,     0.786,    [     0.000],    20.086
 0.769,     0.791,    [     0.000],    20.086
 0.773,     0.796,    [     0.000],    20.086
 0.779,     0.800,    [     0.000],    20.086
 0.780,     0.803,    [     0.000],    20.086
 0.783,     0.806,    [     0.000],    20.086
 0.788,     0.810,    [     0.000],    20.086
 0.790,     0.811,    [     0.000],    20.086
 0.792,     0.811,    [     0.000],    20.086

 pctg,    rr,    α,    β
 0.600,     0.789,    [     0.000],    20.086

 trans: climate_2008_precipitation,     0.779 ±  0.019
 α, β: [     0.000] ± [     0.000], 20.086 ±  0.000