seed_val:    1
 0.839,     0.890,    [     0.911],     4.150
 0.880,     0.899,    [     0.942],     6.339
 0.891,     0.903,    [     0.957],     8.669
 0.898,     0.906,    [     0.968],    10.474
 0.902,     0.908,    [     0.974],    11.750
 0.906,     0.910,    [     0.979],    12.624
 0.909,     0.912,    [     0.982],    13.262
 0.910,     0.913,    [     0.984],    13.734
 0.912,     0.914,    [     0.986],    14.112
 0.913,     0.914,    [     0.988],    14.460
 0.914,     0.914,    [     0.989],    14.703
 0.916,     0.915,    [     0.990],    14.959
 0.916,     0.915,    [     0.990],    15.143
 0.917,     0.916,    [     0.991],    15.379
 0.919,     0.917,    [     0.992],    15.597

 pctg,    rr,    α,    β
 0.600,     0.939,    [     0.992],    15.597


seed_val:    2
 0.803,     0.911,    [     0.932],     3.563
 0.861,     0.920,    [     0.960],     5.471
 0.879,     0.920,    [     0.969],     7.787
 0.888,     0.923,    [     0.975],     9.732
 0.894,     0.926,    [     0.979],    11.227
 0.898,     0.929,    [     0.982],    12.250
 0.900,     0.931,    [     0.984],    12.985
 0.902,     0.932,    [     0.986],    13.525
 0.904,     0.932,    [     0.988],    13.879
 0.906,     0.933,    [     0.989],    14.170
 0.906,     0.933,    [     0.990],    14.387
 0.908,     0.933,    [     0.990],    14.603
 0.909,     0.935,    [     0.991],    14.809
 0.910,     0.935,    [     0.991],    14.971
 0.910,     0.936,    [     0.992],    15.137

 pctg,    rr,    α,    β
 0.600,     0.914,    [     0.992],    15.137


seed_val:    3
 0.791,     0.905,    [     0.954],     1.754
 0.834,     0.916,    [     0.967],     3.345
 0.862,     0.923,    [     0.976],     5.559
 0.874,     0.923,    [     0.981],     7.931
 0.878,     0.922,    [     0.984],     9.715
 0.882,     0.924,    [     0.986],    10.887
 0.883,     0.925,    [     0.988],    11.566
 0.885,     0.925,    [     0.989],    12.031
 0.886,     0.926,    [     0.990],    12.352
 0.887,     0.927,    [     0.991],    12.642
 0.889,     0.928,    [     0.992],    12.911
 0.890,     0.928,    [     0.992],    13.151
 0.892,     0.928,    [     0.993],    13.348
 0.893,     0.928,    [     0.993],    13.550
 0.894,     0.929,    [     0.994],    13.707

 pctg,    rr,    α,    β
 0.600,     0.945,    [     0.994],    13.707


seed_val:    4
 0.793,     0.880,    [     0.962],     1.493
 0.835,     0.890,    [     0.970],     2.968
 0.866,     0.902,    [     0.975],     5.253
 0.887,     0.908,    [     0.978],     7.991
 0.892,     0.909,    [     0.981],    10.352
 0.896,     0.912,    [     0.984],    11.874
 0.899,     0.913,    [     0.985],    12.751
 0.901,     0.915,    [     0.987],    13.290
 0.904,     0.915,    [     0.988],    13.645
 0.905,     0.915,    [     0.989],    13.894
 0.906,     0.915,    [     0.990],    14.115
 0.907,     0.916,    [     0.990],    14.303
 0.908,     0.917,    [     0.991],    14.484
 0.909,     0.917,    [     0.991],    14.648
 0.910,     0.917,    [     0.992],    14.827

 pctg,    rr,    α,    β
 0.600,     0.931,    [     0.992],    14.827


seed_val:    5
 0.779,     0.890,    [     0.917],     4.075
 0.837,     0.901,    [     0.949],     6.062
 0.853,     0.904,    [     0.964],     8.139
 0.860,     0.903,    [     0.973],     9.826
 0.864,     0.904,    [     0.978],    10.913
 0.867,     0.904,    [     0.982],    11.617
 0.868,     0.904,    [     0.984],    12.077
 0.870,     0.905,    [     0.986],    12.371
 0.871,     0.906,    [     0.987],    12.621
 0.872,     0.906,    [     0.988],    12.845
 0.874,     0.907,    [     0.989],    13.086
 0.876,     0.908,    [     0.990],    13.308
 0.877,     0.910,    [     0.991],    13.493
 0.878,     0.910,    [     0.991],    13.639
 0.880,     0.911,    [     0.992],    13.794

 pctg,    rr,    α,    β
 0.600,     0.945,    [     0.992],    13.794


seed_val:    6
 0.828,     0.901,    [     0.964],     1.706
 0.866,     0.908,    [     0.970],     3.468
 0.883,     0.913,    [     0.976],     6.038
 0.892,     0.916,    [     0.981],     8.831
 0.898,     0.916,    [     0.984],    11.151
 0.901,     0.917,    [     0.986],    12.620
 0.904,     0.918,    [     0.988],    13.511
 0.908,     0.918,    [     0.989],    14.129
 0.908,     0.918,    [     0.990],    14.527
 0.910,     0.919,    [     0.991],    14.810
 0.910,     0.919,    [     0.992],    15.090
 0.910,     0.919,    [     0.992],    15.305
 0.910,     0.919,    [     0.992],    15.429
 0.912,     0.920,    [     0.993],    15.541
 0.912,     0.920,    [     0.993],    15.734

 pctg,    rr,    α,    β
 0.600,     0.917,    [     0.993],    15.734


seed_val:    7
 0.809,     0.908,    [     0.925],     4.130
 0.866,     0.923,    [     0.959],     6.029
 0.883,     0.929,    [     0.970],     8.328
 0.891,     0.933,    [     0.976],    10.248
 0.897,     0.935,    [     0.980],    11.548
 0.900,     0.936,    [     0.983],    12.423
 0.903,     0.937,    [     0.985],    12.992
 0.905,     0.937,    [     0.987],    13.387
 0.907,     0.938,    [     0.988],    13.777
 0.909,     0.938,    [     0.989],    14.087
 0.910,     0.939,    [     0.990],    14.342
 0.911,     0.939,    [     0.991],    14.565
 0.913,     0.940,    [     0.991],    14.791
 0.913,     0.939,    [     0.992],    14.976
 0.915,     0.940,    [     0.992],    15.134

 pctg,    rr,    α,    β
 0.600,     0.918,    [     0.992],    15.134


seed_val:    8
 0.795,     0.856,    [     0.940],     2.617
 0.856,     0.876,    [     0.960],     4.636
 0.877,     0.886,    [     0.970],     7.397
 0.892,     0.891,    [     0.976],    10.230
 0.896,     0.892,    [     0.980],    12.412
 0.898,     0.892,    [     0.983],    13.796
 0.899,     0.893,    [     0.986],    14.726
 0.900,     0.892,    [     0.988],    15.306
 0.901,     0.893,    [     0.989],    15.758
 0.902,     0.893,    [     0.990],    16.162
 0.904,     0.894,    [     0.991],    16.573
 0.907,     0.896,    [     0.991],    16.912
 0.907,     0.896,    [     0.992],    17.178
 0.907,     0.896,    [     0.993],    17.422
 0.908,     0.897,    [     0.993],    17.635

 pctg,    rr,    α,    β
 0.600,     0.930,    [     0.993],    17.635


seed_val:    9
 0.819,     0.874,    [     0.998],     0.088
 0.820,     0.874,    [     0.998],     0.236
 0.821,     0.875,    [     0.998],     0.613
 0.826,     0.877,    [     0.998],     1.480
 0.834,     0.882,    [     0.998],     3.121
 0.845,     0.889,    [     0.998],     5.410
 0.852,     0.896,    [     0.999],     7.634
 0.857,     0.901,    [     0.999],     9.265
 0.862,     0.904,    [     0.999],    10.300
 0.865,     0.907,    [     0.999],    10.926
 0.867,     0.908,    [     0.999],    11.327
 0.870,     0.908,    [     0.999],    11.623
 0.873,     0.908,    [     0.999],    11.874
 0.874,     0.908,    [     0.999],    11.987
 0.874,     0.907,    [     0.999],    12.046

 pctg,    rr,    α,    β
 0.600,     0.927,    [     0.999],    12.046


seed_val:    10
 0.796,     0.908,    [     0.926],     3.512
 0.862,     0.921,    [     0.954],     5.464
 0.872,     0.922,    [     0.965],     7.718
 0.878,     0.925,    [     0.973],     9.494
 0.881,     0.925,    [     0.978],    10.674
 0.884,     0.927,    [     0.981],    11.404
 0.886,     0.928,    [     0.984],    11.944
 0.889,     0.930,    [     0.985],    12.368
 0.890,     0.930,    [     0.987],    12.668
 0.891,     0.931,    [     0.988],    12.949
 0.893,     0.932,    [     0.989],    13.140
 0.894,     0.933,    [     0.990],    13.305
 0.894,     0.933,    [     0.990],    13.456
 0.895,     0.934,    [     0.991],    13.662
 0.896,     0.934,    [     0.992],    13.813

 pctg,    rr,    α,    β
 0.600,     0.930,    [     0.992],    13.813

 trans: climate_2008_precipitation,     0.930 ±  0.011
 α, β: [     0.993] ± [     0.002], 14.742 ±  1.509