seed_val:    1
 0.651,     0.632,    [     0.000],    20.086
 0.701,     0.687,    [     0.000],    20.086
 0.714,     0.687,    [     0.000],    20.086
 0.733,     0.708,    [     0.000],    20.086
 0.743,     0.717,    [     0.000],    20.086
 0.751,     0.736,    [     0.000],    20.086
 0.760,     0.733,    [     0.000],    20.086
 0.766,     0.738,    [     0.000],    20.086
 0.769,     0.740,    [     0.000],    20.086
 0.767,     0.741,    [     0.000],    20.086
 0.774,     0.742,    [     0.000],    20.086
 0.774,     0.747,    [     0.000],    20.086
 0.780,     0.743,    [     0.000],    20.086
 0.780,     0.745,    [     0.000],    20.086
 0.781,     0.742,    [     0.000],    20.086

 pctg,    rr,    α,    β
 0.600,     0.722,    [     0.000],    20.086


seed_val:    2
 0.491,     0.480,    [     0.000],    20.086
 0.642,     0.618,    [     0.000],    20.086
 0.688,     0.657,    [     0.000],    20.086
 0.712,     0.683,    [     0.000],    20.086
 0.726,     0.695,    [     0.000],    20.086
 0.733,     0.698,    [     0.000],    20.086
 0.743,     0.710,    [     0.000],    20.086
 0.749,     0.713,    [     0.000],    20.086
 0.754,     0.721,    [     0.000],    20.086
 0.758,     0.719,    [     0.000],    20.086
 0.761,     0.723,    [     0.000],    20.086
 0.760,     0.719,    [     0.000],    20.086
 0.768,     0.728,    [     0.000],    20.086
 0.764,     0.727,    [     0.000],    20.086
 0.772,     0.731,    [     0.000],    20.086

 pctg,    rr,    α,    β
 0.600,     0.728,    [     0.000],    20.086


seed_val:    3
 0.423,     0.436,    [     0.000],    20.086
 0.657,     0.645,    [     0.000],    20.086
 0.697,     0.675,    [     0.000],    20.086
 0.712,     0.684,    [     0.000],    20.086
 0.715,     0.683,    [     0.000],    20.086
 0.728,     0.702,    [     0.000],    20.086
 0.734,     0.702,    [     0.000],    20.086
 0.741,     0.712,    [     0.000],    20.086
 0.749,     0.717,    [     0.000],    20.086
 0.752,     0.719,    [     0.000],    20.086
 0.756,     0.718,    [     0.000],    20.086
 0.763,     0.728,    [     0.000],    20.086
 0.766,     0.727,    [     0.000],    20.086
 0.766,     0.724,    [     0.000],    20.086
 0.770,     0.731,    [     0.000],    20.086

 pctg,    rr,    α,    β
 0.600,     0.787,    [     0.000],    20.086


seed_val:    4
 0.607,     0.576,    [     0.000],    20.086
 0.698,     0.660,    [     0.000],    20.086
 0.717,     0.675,    [     0.000],    20.086
 0.726,     0.684,    [     0.000],    20.086
 0.736,     0.687,    [     0.000],    20.086
 0.741,     0.695,    [     0.000],    20.086
 0.750,     0.701,    [     0.000],    20.086
 0.753,     0.701,    [     0.000],    20.086
 0.758,     0.705,    [     0.000],    20.086
 0.759,     0.701,    [     0.000],    20.086
 0.763,     0.713,    [     0.000],    20.086
 0.754,     0.693,    [     0.000],    20.086
 0.771,     0.717,    [     0.000],    20.086
 0.772,     0.716,    [     0.000],    20.086
 0.775,     0.716,    [     0.000],    20.086

 pctg,    rr,    α,    β
 0.600,     0.741,    [     0.000],    20.086


seed_val:    5
 0.550,     0.582,    [     0.000],    20.086
 0.660,     0.680,    [     0.000],    20.086
 0.684,     0.698,    [     0.000],    20.086
 0.698,     0.707,    [     0.000],    20.086
 0.706,     0.714,    [     0.000],    20.086
 0.717,     0.719,    [     0.000],    20.086
 0.722,     0.722,    [     0.000],    20.086
 0.727,     0.726,    [     0.000],    20.086
 0.731,     0.732,    [     0.000],    20.086
 0.734,     0.732,    [     0.000],    20.086
 0.740,     0.734,    [     0.000],    20.086
 0.741,     0.736,    [     0.000],    20.086
 0.745,     0.738,    [     0.000],    20.086
 0.750,     0.744,    [     0.000],    20.086
 0.752,     0.744,    [     0.000],    20.086

 pctg,    rr,    α,    β
 0.600,     0.786,    [     0.000],    20.086


seed_val:    6
 0.482,     0.465,    [     0.000],    20.086
 0.622,     0.602,    [     0.000],    20.086
 0.683,     0.668,    [     0.000],    20.086
 0.704,     0.677,    [     0.000],    20.086
 0.718,     0.690,    [     0.000],    20.086
 0.729,     0.701,    [     0.000],    20.086
 0.735,     0.701,    [     0.000],    20.086
 0.742,     0.702,    [     0.000],    20.086
 0.744,     0.710,    [     0.000],    20.086
 0.752,     0.711,    [     0.000],    20.086
 0.755,     0.715,    [     0.000],    20.086
 0.760,     0.720,    [     0.000],    20.086
 0.763,     0.720,    [     0.000],    20.086
 0.765,     0.720,    [     0.000],    20.086
 0.772,     0.724,    [     0.000],    20.086

 pctg,    rr,    α,    β
 0.600,     0.736,    [     0.000],    20.086


seed_val:    7
 0.352,     0.400,    [     0.000],    20.086
 0.585,     0.635,    [     0.000],    20.086
 0.626,     0.665,    [     0.000],    20.086
 0.653,     0.688,    [     0.000],    20.086
 0.676,     0.703,    [     0.000],    20.086
 0.697,     0.725,    [     0.000],    20.086
 0.705,     0.737,    [     0.000],    20.086
 0.715,     0.743,    [     0.000],    20.086
 0.722,     0.749,    [     0.000],    20.086
 0.726,     0.751,    [     0.000],    20.086
 0.733,     0.760,    [     0.000],    20.086
 0.734,     0.755,    [     0.000],    20.086
 0.736,     0.758,    [     0.000],    20.086
 0.745,     0.772,    [     0.000],    20.086
 0.750,     0.774,    [     0.000],    20.086

 pctg,    rr,    α,    β
 0.600,     0.735,    [     0.000],    20.086


seed_val:    8
 0.570,     0.557,    [     0.000],    20.086
 0.680,     0.653,    [     0.000],    20.086
 0.710,     0.673,    [     0.000],    20.086
 0.723,     0.684,    [     0.000],    20.086
 0.735,     0.693,    [     0.000],    20.086
 0.742,     0.693,    [     0.000],    20.086
 0.753,     0.702,    [     0.000],    20.086
 0.760,     0.712,    [     0.000],    20.086
 0.767,     0.718,    [     0.000],    20.086
 0.771,     0.721,    [     0.000],    20.086
 0.776,     0.724,    [     0.000],    20.086
 0.772,     0.715,    [     0.000],    20.086
 0.780,     0.726,    [     0.000],    20.086
 0.787,     0.735,    [     0.000],    20.086
 0.788,     0.737,    [     0.000],    20.086

 pctg,    rr,    α,    β
 0.600,     0.737,    [     0.000],    20.086


seed_val:    9
 0.443,     0.477,    [     0.000],    20.086
 0.657,     0.668,    [     0.000],    20.086
 0.690,     0.696,    [     0.000],    20.086
 0.707,     0.710,    [     0.000],    20.086
 0.721,     0.722,    [     0.000],    20.086
 0.727,     0.727,    [     0.000],    20.086
 0.735,     0.730,    [     0.000],    20.086
 0.740,     0.734,    [     0.000],    20.086
 0.746,     0.742,    [     0.000],    20.086
 0.749,     0.741,    [     0.000],    20.086
 0.749,     0.739,    [     0.000],    20.086
 0.756,     0.747,    [     0.000],    20.086
 0.758,     0.750,    [     0.000],    20.086
 0.761,     0.754,    [     0.000],    20.086
 0.761,     0.752,    [     0.000],    20.086

 pctg,    rr,    α,    β
 0.600,     0.753,    [     0.000],    20.086


seed_val:    10
 0.445,     0.457,    [     0.000],    20.086
 0.639,     0.656,    [     0.000],    20.086
 0.675,     0.698,    [     0.000],    20.086
 0.689,     0.713,    [     0.000],    20.086
 0.707,     0.736,    [     0.000],    20.086
 0.718,     0.748,    [     0.000],    20.086
 0.725,     0.756,    [     0.000],    20.086
 0.732,     0.762,    [     0.000],    20.086
 0.737,     0.764,    [     0.000],    20.086
 0.741,     0.767,    [     0.000],    20.086
 0.746,     0.771,    [     0.000],    20.086
 0.750,     0.774,    [     0.000],    20.086
 0.753,     0.780,    [     0.000],    20.086
 0.756,     0.783,    [     0.000],    20.086
 0.757,     0.776,    [     0.000],    20.086

 pctg,    rr,    α,    β
 0.600,     0.752,    [     0.000],    20.086

 trans: climate_2008_precipitation,     0.748 ±  0.022
 α, β: [     0.000] ± [     0.000], 20.086 ±  0.000