seed_val:    1
 0.891,     0.903,    [     0.000],    20.086
 0.883,     0.898,    [     0.000],    20.086
 0.878,     0.892,    [     0.000],    20.086
 0.877,     0.890,    [     0.000],    20.086
 0.876,     0.888,    [     0.000],    20.086
 0.877,     0.887,    [     0.000],    20.086
 0.879,     0.886,    [     0.000],    20.086
 0.878,     0.884,    [     0.000],    20.086
 0.879,     0.885,    [     0.000],    20.086
 0.879,     0.884,    [     0.000],    20.086
 0.878,     0.883,    [     0.000],    20.086
 0.878,     0.883,    [     0.000],    20.086
 0.880,     0.884,    [     0.000],    20.086
 0.879,     0.881,    [     0.000],    20.086
 0.881,     0.883,    [     0.000],    20.086

 pctg,    rr,    α,    β
 0.600,     0.899,    [     0.000],    20.086


seed_val:    2
 0.893,     0.925,    [     0.000],    20.086
 0.891,     0.918,    [     0.000],    20.086
 0.887,     0.910,    [     0.000],    20.086
 0.886,     0.907,    [     0.000],    20.086
 0.884,     0.905,    [     0.000],    20.086
 0.882,     0.902,    [     0.000],    20.086
 0.881,     0.899,    [     0.000],    20.086
 0.880,     0.896,    [     0.000],    20.086
 0.878,     0.894,    [     0.000],    20.086
 0.878,     0.893,    [     0.000],    20.086
 0.876,     0.890,    [     0.000],    20.086
 0.876,     0.890,    [     0.000],    20.086
 0.876,     0.889,    [     0.000],    20.086
 0.877,     0.891,    [     0.000],    20.086
 0.877,     0.889,    [     0.000],    20.086

 pctg,    rr,    α,    β
 0.600,     0.881,    [     0.000],    20.086


seed_val:    3
 0.879,     0.923,    [     0.000],    20.086
 0.867,     0.908,    [     0.000],    20.086
 0.862,     0.900,    [     0.000],    20.086
 0.862,     0.899,    [     0.000],    20.086
 0.861,     0.896,    [     0.000],    20.086
 0.863,     0.897,    [     0.000],    20.086
 0.861,     0.896,    [     0.000],    20.086
 0.861,     0.894,    [     0.000],    20.086
 0.863,     0.893,    [     0.000],    20.086
 0.861,     0.891,    [     0.000],    20.086
 0.861,     0.890,    [     0.000],    20.086
 0.863,     0.893,    [     0.000],    20.086
 0.863,     0.891,    [     0.000],    20.086
 0.864,     0.892,    [     0.000],    20.086
 0.864,     0.892,    [     0.000],    20.086

 pctg,    rr,    α,    β
 0.600,     0.917,    [     0.000],    20.086


seed_val:    4
 0.882,     0.903,    [     0.000],    20.086
 0.875,     0.894,    [     0.000],    20.086
 0.873,     0.891,    [     0.000],    20.086
 0.872,     0.889,    [     0.000],    20.086
 0.871,     0.886,    [     0.000],    20.086
 0.872,     0.886,    [     0.000],    20.086
 0.872,     0.886,    [     0.000],    20.086
 0.873,     0.886,    [     0.000],    20.086
 0.873,     0.886,    [     0.000],    20.086
 0.873,     0.884,    [     0.000],    20.086
 0.872,     0.882,    [     0.000],    20.086
 0.870,     0.880,    [     0.000],    20.086
 0.874,     0.881,    [     0.000],    20.086
 0.872,     0.878,    [     0.000],    20.086
 0.874,     0.878,    [     0.000],    20.086

 pctg,    rr,    α,    β
 0.600,     0.895,    [     0.000],    20.086


seed_val:    5
 0.857,     0.904,    [     0.000],    20.086
 0.847,     0.891,    [     0.000],    20.086
 0.845,     0.887,    [     0.000],    20.086
 0.843,     0.883,    [     0.000],    20.086
 0.841,     0.881,    [     0.000],    20.086
 0.838,     0.879,    [     0.000],    20.086
 0.832,     0.874,    [     0.000],    20.086
 0.836,     0.877,    [     0.000],    20.086
 0.835,     0.876,    [     0.000],    20.086
 0.834,     0.875,    [     0.000],    20.086
 0.834,     0.873,    [     0.000],    20.086
 0.836,     0.874,    [     0.000],    20.086
 0.833,     0.871,    [     0.000],    20.086
 0.832,     0.870,    [     0.000],    20.086
 0.835,     0.872,    [     0.000],    20.086

 pctg,    rr,    α,    β
 0.600,     0.919,    [     0.000],    20.086


seed_val:    6
 0.880,     0.904,    [     0.000],    20.086
 0.890,     0.911,    [     0.000],    20.086
 0.890,     0.906,    [     0.000],    20.086
 0.884,     0.899,    [     0.000],    20.086
 0.886,     0.899,    [     0.000],    20.086
 0.885,     0.895,    [     0.000],    20.086
 0.885,     0.893,    [     0.000],    20.086
 0.886,     0.892,    [     0.000],    20.086
 0.885,     0.891,    [     0.000],    20.086
 0.887,     0.893,    [     0.000],    20.086
 0.886,     0.890,    [     0.000],    20.086
 0.884,     0.888,    [     0.000],    20.086
 0.886,     0.889,    [     0.000],    20.086
 0.887,     0.889,    [     0.000],    20.086
 0.888,     0.887,    [     0.000],    20.086

 pctg,    rr,    α,    β
 0.600,     0.875,    [     0.000],    20.086


seed_val:    7
 0.876,     0.921,    [     0.000],    20.086
 0.875,     0.919,    [     0.000],    20.086
 0.876,     0.919,    [     0.000],    20.086
 0.877,     0.920,    [     0.000],    20.086
 0.877,     0.921,    [     0.000],    20.086
 0.873,     0.920,    [     0.000],    20.086
 0.873,     0.920,    [     0.000],    20.086
 0.873,     0.920,    [     0.000],    20.086
 0.870,     0.918,    [     0.000],    20.086
 0.868,     0.916,    [     0.000],    20.086
 0.870,     0.917,    [     0.000],    20.086
 0.871,     0.919,    [     0.000],    20.086
 0.871,     0.918,    [     0.000],    20.086
 0.869,     0.916,    [     0.000],    20.086
 0.871,     0.915,    [     0.000],    20.086

 pctg,    rr,    α,    β
 0.600,     0.886,    [     0.000],    20.086


seed_val:    8
 0.881,     0.883,    [     0.000],    20.086
 0.878,     0.878,    [     0.000],    20.086
 0.876,     0.873,    [     0.000],    20.086
 0.874,     0.872,    [     0.000],    20.086
 0.875,     0.871,    [     0.000],    20.086
 0.875,     0.869,    [     0.000],    20.086
 0.877,     0.869,    [     0.000],    20.086
 0.874,     0.868,    [     0.000],    20.086
 0.874,     0.867,    [     0.000],    20.086
 0.875,     0.869,    [     0.000],    20.086
 0.878,     0.871,    [     0.000],    20.086
 0.877,     0.869,    [     0.000],    20.086
 0.875,     0.868,    [     0.000],    20.086
 0.878,     0.872,    [     0.000],    20.086
 0.878,     0.871,    [     0.000],    20.086

 pctg,    rr,    α,    β
 0.600,     0.897,    [     0.000],    20.086


seed_val:    9
 0.869,     0.907,    [     0.000],    20.086
 0.875,     0.910,    [     0.000],    20.086
 0.866,     0.903,    [     0.000],    20.086
 0.863,     0.900,    [     0.000],    20.086
 0.859,     0.896,    [     0.000],    20.086
 0.862,     0.897,    [     0.000],    20.086
 0.861,     0.893,    [     0.000],    20.086
 0.861,     0.894,    [     0.000],    20.086
 0.861,     0.893,    [     0.000],    20.086
 0.861,     0.891,    [     0.000],    20.086
 0.861,     0.890,    [     0.000],    20.086
 0.862,     0.891,    [     0.000],    20.086
 0.861,     0.891,    [     0.000],    20.086
 0.862,     0.891,    [     0.000],    20.086
 0.862,     0.892,    [     0.000],    20.086

 pctg,    rr,    α,    β
 0.600,     0.910,    [     0.000],    20.086


seed_val:    10
 0.879,     0.925,    [     0.000],    20.086
 0.876,     0.916,    [     0.000],    20.086
 0.872,     0.914,    [     0.000],    20.086
 0.870,     0.913,    [     0.000],    20.086
 0.868,     0.911,    [     0.000],    20.086
 0.868,     0.912,    [     0.000],    20.086
 0.863,     0.908,    [     0.000],    20.086
 0.863,     0.906,    [     0.000],    20.086
 0.864,     0.906,    [     0.000],    20.086
 0.863,     0.905,    [     0.000],    20.086
 0.863,     0.903,    [     0.000],    20.086
 0.863,     0.904,    [     0.000],    20.086
 0.861,     0.902,    [     0.000],    20.086
 0.861,     0.901,    [     0.000],    20.086
 0.864,     0.903,    [     0.000],    20.086

 pctg,    rr,    α,    β
 0.600,     0.890,    [     0.000],    20.086

 trans: climate_2008_precipitation,     0.897 ±  0.015
 α, β: [     0.000] ± [     0.000], 20.086 ±  0.000