seed_val:    1
 0.314,     0.211,    [     0.000],    20.086
 0.411,     0.337,    [     0.000],    20.086
 0.440,     0.377,    [     0.000],    20.086
 0.450,     0.391,    [     0.000],    20.086
 0.462,     0.413,    [     0.000],    20.086
 0.483,     0.441,    [     0.000],    20.086
 0.481,     0.438,    [     0.000],    20.086
 0.492,     0.455,    [     0.000],    20.086
 0.489,     0.455,    [     0.000],    20.086
 0.492,     0.449,    [     0.000],    20.086
 0.486,     0.433,    [     0.000],    20.086
 0.505,     0.469,    [     0.000],    20.086
 0.509,     0.476,    [     0.000],    20.086
 0.502,     0.463,    [     0.000],    20.086
 0.483,     0.426,    [     0.000],    20.086

 pctg,    rr,    α,    β
 0.600,     0.401,    [     0.000],    20.086


seed_val:    2
 0.276,     0.156,    [     0.000],    20.086
 0.390,     0.332,    [     0.000],    20.086
 0.428,     0.400,    [     0.000],    20.086
 0.442,     0.415,    [     0.000],    20.086
 0.450,     0.418,    [     0.000],    20.086
 0.465,     0.440,    [     0.000],    20.086
 0.480,     0.457,    [     0.000],    20.086
 0.477,     0.447,    [     0.000],    20.086
 0.484,     0.456,    [     0.000],    20.086
 0.486,     0.460,    [     0.000],    20.086
 0.489,     0.459,    [     0.000],    20.086
 0.487,     0.453,    [     0.000],    20.086
 0.488,     0.455,    [     0.000],    20.086
 0.491,     0.460,    [     0.000],    20.086
 0.487,     0.454,    [     0.000],    20.086

 pctg,    rr,    α,    β
 0.600,     0.443,    [     0.000],    20.086


seed_val:    3
 0.283,     0.180,    [     0.000],    20.086
 0.418,     0.379,    [     0.000],    20.086
 0.445,     0.419,    [     0.000],    20.086
 0.465,     0.439,    [     0.000],    20.086
 0.478,     0.456,    [     0.000],    20.086
 0.468,     0.439,    [     0.000],    20.086
 0.481,     0.457,    [     0.000],    20.086
 0.474,     0.444,    [     0.000],    20.086
 0.485,     0.461,    [     0.000],    20.086
 0.486,     0.456,    [     0.000],    20.086
 0.485,     0.455,    [     0.000],    20.086
 0.490,     0.458,    [     0.000],    20.086
 0.488,     0.458,    [     0.000],    20.086
 0.488,     0.455,    [     0.000],    20.086
 0.493,     0.459,    [     0.000],    20.086

 pctg,    rr,    α,    β
 0.600,     0.442,    [     0.000],    20.086


seed_val:    4
 0.380,     0.302,    [     0.000],    20.086
 0.449,     0.401,    [     0.000],    20.086
 0.462,     0.422,    [     0.000],    20.086
 0.466,     0.422,    [     0.000],    20.086
 0.476,     0.431,    [     0.000],    20.086
 0.473,     0.426,    [     0.000],    20.086
 0.492,     0.454,    [     0.000],    20.086
 0.488,     0.443,    [     0.000],    20.086
 0.490,     0.443,    [     0.000],    20.086
 0.494,     0.451,    [     0.000],    20.086
 0.499,     0.452,    [     0.000],    20.086
 0.496,     0.449,    [     0.000],    20.086
 0.494,     0.444,    [     0.000],    20.086
 0.499,     0.455,    [     0.000],    20.086
 0.500,     0.451,    [     0.000],    20.086

 pctg,    rr,    α,    β
 0.600,     0.458,    [     0.000],    20.086


seed_val:    5
 0.368,     0.305,    [     0.000],    20.086
 0.439,     0.394,    [     0.000],    20.086
 0.442,     0.393,    [     0.000],    20.086
 0.447,     0.399,    [     0.000],    20.086
 0.463,     0.418,    [     0.000],    20.086
 0.463,     0.412,    [     0.000],    20.086
 0.467,     0.421,    [     0.000],    20.086
 0.465,     0.416,    [     0.000],    20.086
 0.464,     0.413,    [     0.000],    20.086
 0.477,     0.430,    [     0.000],    20.086
 0.476,     0.424,    [     0.000],    20.086
 0.472,     0.422,    [     0.000],    20.086
 0.474,     0.423,    [     0.000],    20.086
 0.479,     0.427,    [     0.000],    20.086
 0.473,     0.415,    [     0.000],    20.086

 pctg,    rr,    α,    β
 0.600,     0.461,    [     0.000],    20.086


seed_val:    6
 0.415,     0.350,    [     0.000],    20.086
 0.446,     0.399,    [     0.000],    20.086
 0.457,     0.405,    [     0.000],    20.086
 0.467,     0.420,    [     0.000],    20.086
 0.465,     0.413,    [     0.000],    20.086
 0.473,     0.423,    [     0.000],    20.086
 0.484,     0.439,    [     0.000],    20.086
 0.471,     0.415,    [     0.000],    20.086
 0.479,     0.426,    [     0.000],    20.086
 0.480,     0.426,    [     0.000],    20.086
 0.486,     0.435,    [     0.000],    20.086
 0.479,     0.420,    [     0.000],    20.086
 0.476,     0.413,    [     0.000],    20.086
 0.481,     0.418,    [     0.000],    20.086
 0.490,     0.435,    [     0.000],    20.086

 pctg,    rr,    α,    β
 0.600,     0.445,    [     0.000],    20.086


seed_val:    7
 0.339,     0.214,    [     0.000],    20.086
 0.468,     0.373,    [     0.000],    20.086
 0.480,     0.378,    [     0.000],    20.086
 0.492,     0.395,    [     0.000],    20.086
 0.498,     0.403,    [     0.000],    20.086
 0.501,     0.404,    [     0.000],    20.086
 0.504,     0.406,    [     0.000],    20.086
 0.509,     0.414,    [     0.000],    20.086
 0.501,     0.396,    [     0.000],    20.086
 0.509,     0.414,    [     0.000],    20.086
 0.511,     0.413,    [     0.000],    20.086
 0.518,     0.422,    [     0.000],    20.086
 0.523,     0.432,    [     0.000],    20.086
 0.516,     0.420,    [     0.000],    20.086
 0.509,     0.408,    [     0.000],    20.086

 pctg,    rr,    α,    β
 0.600,     0.383,    [     0.000],    20.086


seed_val:    8
 0.311,     0.246,    [     0.000],    20.086
 0.420,     0.382,    [     0.000],    20.086
 0.446,     0.412,    [     0.000],    20.086
 0.460,     0.421,    [     0.000],    20.086
 0.470,     0.428,    [     0.000],    20.086
 0.476,     0.435,    [     0.000],    20.086
 0.473,     0.427,    [     0.000],    20.086
 0.474,     0.427,    [     0.000],    20.086
 0.486,     0.440,    [     0.000],    20.086
 0.491,     0.447,    [     0.000],    20.086
 0.475,     0.419,    [     0.000],    20.086
 0.496,     0.447,    [     0.000],    20.086
 0.498,     0.449,    [     0.000],    20.086
 0.498,     0.452,    [     0.000],    20.086
 0.496,     0.446,    [     0.000],    20.086

 pctg,    rr,    α,    β
 0.600,     0.485,    [     0.000],    20.086


seed_val:    9
 0.395,     0.313,    [     0.000],    20.086
 0.440,     0.377,    [     0.000],    20.086
 0.459,     0.396,    [     0.000],    20.086
 0.464,     0.410,    [     0.000],    20.086
 0.473,     0.411,    [     0.000],    20.086
 0.470,     0.401,    [     0.000],    20.086
 0.487,     0.427,    [     0.000],    20.086
 0.480,     0.416,    [     0.000],    20.086
 0.473,     0.398,    [     0.000],    20.086
 0.486,     0.423,    [     0.000],    20.086
 0.498,     0.436,    [     0.000],    20.086
 0.490,     0.423,    [     0.000],    20.086
 0.486,     0.414,    [     0.000],    20.086
 0.498,     0.435,    [     0.000],    20.086
 0.496,     0.432,    [     0.000],    20.086

 pctg,    rr,    α,    β
 0.600,     0.453,    [     0.000],    20.086


seed_val:    10
 0.357,     0.324,    [     0.000],    20.086
 0.430,     0.410,    [     0.000],    20.086
 0.449,     0.428,    [     0.000],    20.086
 0.465,     0.444,    [     0.000],    20.086
 0.469,     0.446,    [     0.000],    20.086
 0.477,     0.453,    [     0.000],    20.086
 0.476,     0.445,    [     0.000],    20.086
 0.489,     0.462,    [     0.000],    20.086
 0.482,     0.453,    [     0.000],    20.086
 0.495,     0.470,    [     0.000],    20.086
 0.492,     0.461,    [     0.000],    20.086
 0.489,     0.456,    [     0.000],    20.086
 0.490,     0.457,    [     0.000],    20.086
 0.495,     0.463,    [     0.000],    20.086
 0.488,     0.452,    [     0.000],    20.086

 pctg,    rr,    α,    β
 0.600,     0.432,    [     0.000],    20.086

 trans: twitch_DE_true_8,     0.440 ±  0.030
 α, β: [     0.000] ± [     0.000], 20.086 ±  0.000


seed_val:    1
 0.219,     0.070,    [     0.000],    20.086
 0.347,     0.263,    [     0.000],    20.086
 0.400,     0.337,    [     0.000],    20.086
 0.413,     0.359,    [     0.000],    20.086
 0.423,     0.368,    [     0.000],    20.086
 0.420,     0.362,    [     0.000],    20.086
 0.424,     0.367,    [     0.000],    20.086
 0.434,     0.383,    [     0.000],    20.086
 0.442,     0.391,    [     0.000],    20.086
 0.428,     0.377,    [     0.000],    20.086
 0.442,     0.386,    [     0.000],    20.086
 0.428,     0.367,    [     0.000],    20.086
 0.442,     0.389,    [     0.000],    20.086
 0.436,     0.381,    [     0.000],    20.086
 0.443,     0.385,    [     0.000],    20.086

 pctg,    rr,    α,    β
 0.600,     0.454,    [     0.000],    20.086


seed_val:    2
 0.299,     0.207,    [     0.000],    20.086
 0.399,     0.339,    [     0.000],    20.086
 0.424,     0.364,    [     0.000],    20.086
 0.436,     0.378,    [     0.000],    20.086
 0.445,     0.387,    [     0.000],    20.086
 0.449,     0.390,    [     0.000],    20.086
 0.450,     0.393,    [     0.000],    20.086
 0.453,     0.395,    [     0.000],    20.086
 0.457,     0.399,    [     0.000],    20.086
 0.458,     0.398,    [     0.000],    20.086
 0.456,     0.394,    [     0.000],    20.086
 0.454,     0.391,    [     0.000],    20.086
 0.461,     0.401,    [     0.000],    20.086
 0.461,     0.400,    [     0.000],    20.086
 0.464,     0.404,    [     0.000],    20.086

 pctg,    rr,    α,    β
 0.600,     0.387,    [     0.000],    20.086


seed_val:    3
 0.229,     0.086,    [     0.000],    20.086
 0.403,     0.310,    [     0.000],    20.086
 0.444,     0.365,    [     0.000],    20.086
 0.457,     0.373,    [     0.000],    20.086
 0.461,     0.377,    [     0.000],    20.086
 0.452,     0.360,    [     0.000],    20.086
 0.460,     0.373,    [     0.000],    20.086
 0.462,     0.370,    [     0.000],    20.086
 0.470,     0.380,    [     0.000],    20.086
 0.476,     0.392,    [     0.000],    20.086
 0.470,     0.378,    [     0.000],    20.086
 0.478,     0.388,    [     0.000],    20.086
 0.479,     0.381,    [     0.000],    20.086
 0.476,     0.384,    [     0.000],    20.086
 0.482,     0.388,    [     0.000],    20.086

 pctg,    rr,    α,    β
 0.600,     0.401,    [     0.000],    20.086


seed_val:    4
 0.300,     0.121,    [     0.000],    20.086
 0.402,     0.285,    [     0.000],    20.086
 0.424,     0.320,    [     0.000],    20.086
 0.427,     0.323,    [     0.000],    20.086
 0.433,     0.324,    [     0.000],    20.086
 0.442,     0.338,    [     0.000],    20.086
 0.453,     0.349,    [     0.000],    20.086
 0.450,     0.340,    [     0.000],    20.086
 0.451,     0.341,    [     0.000],    20.086
 0.456,     0.348,    [     0.000],    20.086
 0.464,     0.358,    [     0.000],    20.086
 0.462,     0.356,    [     0.000],    20.086
 0.473,     0.370,    [     0.000],    20.086
 0.471,     0.362,    [     0.000],    20.086
 0.461,     0.347,    [     0.000],    20.086

 pctg,    rr,    α,    β
 0.600,     0.392,    [     0.000],    20.086


seed_val:    5
 0.335,     0.216,    [     0.000],    20.086
 0.398,     0.298,    [     0.000],    20.086
 0.428,     0.338,    [     0.000],    20.086
 0.435,     0.339,    [     0.000],    20.086
 0.441,     0.342,    [     0.000],    20.086
 0.450,     0.357,    [     0.000],    20.086
 0.444,     0.344,    [     0.000],    20.086
 0.446,     0.351,    [     0.000],    20.086
 0.448,     0.344,    [     0.000],    20.086
 0.462,     0.366,    [     0.000],    20.086
 0.469,     0.371,    [     0.000],    20.086
 0.465,     0.367,    [     0.000],    20.086
 0.468,     0.370,    [     0.000],    20.086
 0.465,     0.363,    [     0.000],    20.086
 0.460,     0.358,    [     0.000],    20.086

 pctg,    rr,    α,    β
 0.600,     0.420,    [     0.000],    20.086


seed_val:    6
 0.308,     0.185,    [     0.000],    20.086
 0.416,     0.323,    [     0.000],    20.086
 0.441,     0.348,    [     0.000],    20.086
 0.449,     0.352,    [     0.000],    20.086
 0.460,     0.358,    [     0.000],    20.086
 0.456,     0.350,    [     0.000],    20.086
 0.460,     0.349,    [     0.000],    20.086
 0.471,     0.359,    [     0.000],    20.086
 0.468,     0.353,    [     0.000],    20.086
 0.475,     0.360,    [     0.000],    20.086
 0.469,     0.348,    [     0.000],    20.086
 0.466,     0.341,    [     0.000],    20.086
 0.477,     0.355,    [     0.000],    20.086
 0.471,     0.346,    [     0.000],    20.086
 0.474,     0.350,    [     0.000],    20.086

 pctg,    rr,    α,    β
 0.600,     0.375,    [     0.000],    20.086


seed_val:    7
 0.213,     0.098,    [     0.000],    20.086
 0.326,     0.257,    [     0.000],    20.086
 0.400,     0.353,    [     0.000],    20.086
 0.420,     0.373,    [     0.000],    20.086
 0.441,     0.398,    [     0.000],    20.086
 0.444,     0.401,    [     0.000],    20.086
 0.444,     0.400,    [     0.000],    20.086
 0.451,     0.408,    [     0.000],    20.086
 0.464,     0.426,    [     0.000],    20.086
 0.455,     0.412,    [     0.000],    20.086
 0.457,     0.415,    [     0.000],    20.086
 0.462,     0.414,    [     0.000],    20.086
 0.463,     0.415,    [     0.000],    20.086
 0.457,     0.407,    [     0.000],    20.086
 0.463,     0.414,    [     0.000],    20.086

 pctg,    rr,    α,    β
 0.600,     0.374,    [     0.000],    20.086


seed_val:    8
 0.337,     0.288,    [     0.000],    20.086
 0.413,     0.394,    [     0.000],    20.086
 0.422,     0.397,    [     0.000],    20.086
 0.426,     0.409,    [     0.000],    20.086
 0.433,     0.407,    [     0.000],    20.086
 0.440,     0.410,    [     0.000],    20.086
 0.441,     0.409,    [     0.000],    20.086
 0.440,     0.401,    [     0.000],    20.086
 0.447,     0.412,    [     0.000],    20.086
 0.449,     0.413,    [     0.000],    20.086
 0.449,     0.411,    [     0.000],    20.086
 0.450,     0.415,    [     0.000],    20.086
 0.451,     0.412,    [     0.000],    20.086
 0.458,     0.416,    [     0.000],    20.086
 0.452,     0.410,    [     0.000],    20.086

 pctg,    rr,    α,    β
 0.600,     0.386,    [     0.000],    20.086


seed_val:    9
 0.285,     0.170,    [     0.000],    20.086
 0.429,     0.353,    [     0.000],    20.086
 0.439,     0.355,    [     0.000],    20.086
 0.454,     0.371,    [     0.000],    20.086
 0.453,     0.368,    [     0.000],    20.086
 0.455,     0.369,    [     0.000],    20.086
 0.460,     0.370,    [     0.000],    20.086
 0.456,     0.361,    [     0.000],    20.086
 0.448,     0.348,    [     0.000],    20.086
 0.464,     0.371,    [     0.000],    20.086
 0.453,     0.355,    [     0.000],    20.086
 0.458,     0.353,    [     0.000],    20.086
 0.464,     0.362,    [     0.000],    20.086
 0.461,     0.355,    [     0.000],    20.086
 0.469,     0.368,    [     0.000],    20.086

 pctg,    rr,    α,    β
 0.600,     0.406,    [     0.000],    20.086


seed_val:    10
 0.334,     0.301,    [     0.000],    20.086
 0.423,     0.420,    [     0.000],    20.086
 0.425,     0.417,    [     0.000],    20.086
 0.434,     0.425,    [     0.000],    20.086
 0.437,     0.426,    [     0.000],    20.086
 0.437,     0.420,    [     0.000],    20.086
 0.441,     0.421,    [     0.000],    20.086
 0.449,     0.430,    [     0.000],    20.086
 0.452,     0.433,    [     0.000],    20.086
 0.461,     0.444,    [     0.000],    20.086
 0.440,     0.414,    [     0.000],    20.086
 0.444,     0.413,    [     0.000],    20.086
 0.454,     0.428,    [     0.000],    20.086
 0.458,     0.431,    [     0.000],    20.086
 0.460,     0.433,    [     0.000],    20.086

 pctg,    rr,    α,    β
 0.600,     0.394,    [     0.000],    20.086

 trans: twitch_ENGB_true_8,     0.399 ±  0.024
 α, β: [     0.000] ± [     0.000], 20.086 ±  0.000


seed_val:    1
 0.385,     0.296,    [     0.000],    20.086
 0.482,     0.430,    [     0.000],    20.086
 0.481,     0.418,    [     0.000],    20.086
 0.482,     0.414,    [     0.000],    20.086
 0.495,     0.426,    [     0.000],    20.086
 0.497,     0.421,    [     0.000],    20.086
 0.494,     0.417,    [     0.000],    20.086
 0.511,     0.438,    [     0.000],    20.086
 0.512,     0.440,    [     0.000],    20.086
 0.504,     0.427,    [     0.000],    20.086
 0.511,     0.435,    [     0.000],    20.086
 0.518,     0.442,    [     0.000],    20.086
 0.527,     0.455,    [     0.000],    20.086
 0.515,     0.433,    [     0.000],    20.086
 0.524,     0.453,    [     0.000],    20.086

 pctg,    rr,    α,    β
 0.600,     0.445,    [     0.000],    20.086


seed_val:    2
 0.433,     0.375,    [     0.000],    20.086
 0.488,     0.433,    [     0.000],    20.086
 0.488,     0.430,    [     0.000],    20.086
 0.494,     0.439,    [     0.000],    20.086
 0.509,     0.454,    [     0.000],    20.086
 0.510,     0.452,    [     0.000],    20.086
 0.510,     0.453,    [     0.000],    20.086
 0.520,     0.465,    [     0.000],    20.086
 0.513,     0.450,    [     0.000],    20.086
 0.524,     0.459,    [     0.000],    20.086
 0.528,     0.461,    [     0.000],    20.086
 0.527,     0.460,    [     0.000],    20.086
 0.526,     0.451,    [     0.000],    20.086
 0.519,     0.445,    [     0.000],    20.086
 0.531,     0.458,    [     0.000],    20.086

 pctg,    rr,    α,    β
 0.600,     0.470,    [     0.000],    20.086


seed_val:    3
 0.303,     0.142,    [     0.000],    20.086
 0.462,     0.396,    [     0.000],    20.086
 0.478,     0.433,    [     0.000],    20.086
 0.478,     0.425,    [     0.000],    20.086
 0.498,     0.447,    [     0.000],    20.086
 0.500,     0.445,    [     0.000],    20.086
 0.499,     0.442,    [     0.000],    20.086
 0.504,     0.445,    [     0.000],    20.086
 0.498,     0.430,    [     0.000],    20.086
 0.497,     0.428,    [     0.000],    20.086
 0.513,     0.454,    [     0.000],    20.086
 0.513,     0.451,    [     0.000],    20.086
 0.520,     0.460,    [     0.000],    20.086
 0.503,     0.429,    [     0.000],    20.086
 0.521,     0.460,    [     0.000],    20.086

 pctg,    rr,    α,    β
 0.600,     0.454,    [     0.000],    20.086


seed_val:    4
 0.344,     0.294,    [     0.000],    20.086
 0.432,     0.424,    [     0.000],    20.086
 0.470,     0.472,    [     0.000],    20.086
 0.483,     0.481,    [     0.000],    20.086
 0.483,     0.481,    [     0.000],    20.086
 0.489,     0.487,    [     0.000],    20.086
 0.495,     0.492,    [     0.000],    20.086
 0.507,     0.499,    [     0.000],    20.086
 0.507,     0.494,    [     0.000],    20.086
 0.508,     0.499,    [     0.000],    20.086
 0.513,     0.499,    [     0.000],    20.086
 0.515,     0.503,    [     0.000],    20.086
 0.511,     0.499,    [     0.000],    20.086
 0.514,     0.500,    [     0.000],    20.086
 0.517,     0.504,    [     0.000],    20.086

 pctg,    rr,    α,    β
 0.600,     0.397,    [     0.000],    20.086


seed_val:    5
 0.148,     0.054,    [     0.000],    20.086
 0.456,     0.467,    [     0.000],    20.086
 0.471,     0.480,    [     0.000],    20.086
 0.492,     0.492,    [     0.000],    20.086
 0.495,     0.495,    [     0.000],    20.086
 0.501,     0.497,    [     0.000],    20.086
 0.507,     0.501,    [     0.000],    20.086
 0.511,     0.498,    [     0.000],    20.086
 0.512,     0.502,    [     0.000],    20.086
 0.518,     0.503,    [     0.000],    20.086
 0.508,     0.489,    [     0.000],    20.086
 0.521,     0.501,    [     0.000],    20.086
 0.514,     0.495,    [     0.000],    20.086
 0.514,     0.492,    [     0.000],    20.086
 0.522,     0.500,    [     0.000],    20.086

 pctg,    rr,    α,    β
 0.600,     0.478,    [     0.000],    20.086


seed_val:    6
 0.263,     0.116,    [     0.000],    20.086
 0.458,     0.343,    [     0.000],    20.086
 0.486,     0.369,    [     0.000],    20.086
 0.495,     0.373,    [     0.000],    20.086
 0.498,     0.373,    [     0.000],    20.086
 0.510,     0.382,    [     0.000],    20.086
 0.518,     0.389,    [     0.000],    20.086
 0.510,     0.375,    [     0.000],    20.086
 0.518,     0.382,    [     0.000],    20.086
 0.525,     0.388,    [     0.000],    20.086
 0.523,     0.380,    [     0.000],    20.086
 0.535,     0.395,    [     0.000],    20.086
 0.537,     0.394,    [     0.000],    20.086
 0.532,     0.383,    [     0.000],    20.086
 0.537,     0.390,    [     0.000],    20.086

 pctg,    rr,    α,    β
 0.600,     0.494,    [     0.000],    20.086


seed_val:    7
 0.361,     0.331,    [     0.000],    20.086
 0.464,     0.443,    [     0.000],    20.086
 0.485,     0.456,    [     0.000],    20.086
 0.489,     0.458,    [     0.000],    20.086
 0.484,     0.445,    [     0.000],    20.086
 0.504,     0.465,    [     0.000],    20.086
 0.506,     0.466,    [     0.000],    20.086
 0.503,     0.461,    [     0.000],    20.086
 0.504,     0.462,    [     0.000],    20.086
 0.521,     0.481,    [     0.000],    20.086
 0.508,     0.461,    [     0.000],    20.086
 0.499,     0.449,    [     0.000],    20.086
 0.508,     0.459,    [     0.000],    20.086
 0.515,     0.468,    [     0.000],    20.086
 0.517,     0.467,    [     0.000],    20.086

 pctg,    rr,    α,    β
 0.600,     0.457,    [     0.000],    20.086


seed_val:    8
 0.192,     0.049,    [     0.000],    20.086
 0.410,     0.327,    [     0.000],    20.086
 0.463,     0.392,    [     0.000],    20.086
 0.487,     0.421,    [     0.000],    20.086
 0.501,     0.432,    [     0.000],    20.086
 0.501,     0.429,    [     0.000],    20.086
 0.499,     0.419,    [     0.000],    20.086
 0.512,     0.439,    [     0.000],    20.086
 0.510,     0.437,    [     0.000],    20.086
 0.518,     0.445,    [     0.000],    20.086
 0.526,     0.453,    [     0.000],    20.086
 0.521,     0.447,    [     0.000],    20.086
 0.524,     0.441,    [     0.000],    20.086
 0.520,     0.443,    [     0.000],    20.086
 0.530,     0.449,    [     0.000],    20.086

 pctg,    rr,    α,    β
 0.600,     0.426,    [     0.000],    20.086


seed_val:    9
 0.339,     0.210,    [     0.000],    20.086
 0.477,     0.365,    [     0.000],    20.086
 0.491,     0.385,    [     0.000],    20.086
 0.500,     0.393,    [     0.000],    20.086
 0.501,     0.390,    [     0.000],    20.086
 0.509,     0.397,    [     0.000],    20.086
 0.510,     0.394,    [     0.000],    20.086
 0.525,     0.413,    [     0.000],    20.086
 0.520,     0.407,    [     0.000],    20.086
 0.517,     0.401,    [     0.000],    20.086
 0.513,     0.398,    [     0.000],    20.086
 0.521,     0.403,    [     0.000],    20.086
 0.521,     0.398,    [     0.000],    20.086
 0.525,     0.404,    [     0.000],    20.086
 0.517,     0.397,    [     0.000],    20.086

 pctg,    rr,    α,    β
 0.600,     0.478,    [     0.000],    20.086


seed_val:    10
 0.463,     0.388,    [     0.000],    20.086
 0.494,     0.460,    [     0.000],    20.086
 0.517,     0.486,    [     0.000],    20.086
 0.520,     0.488,    [     0.000],    20.086
 0.522,     0.483,    [     0.000],    20.086
 0.524,     0.488,    [     0.000],    20.086
 0.523,     0.470,    [     0.000],    20.086
 0.522,     0.469,    [     0.000],    20.086
 0.534,     0.486,    [     0.000],    20.086
 0.533,     0.478,    [     0.000],    20.086
 0.554,     0.504,    [     0.000],    20.086
 0.546,     0.485,    [     0.000],    20.086
 0.548,     0.486,    [     0.000],    20.086
 0.551,     0.492,    [     0.000],    20.086
 0.536,     0.463,    [     0.000],    20.086

 pctg,    rr,    α,    β
 0.600,     0.409,    [     0.000],    20.086

 trans: twitch_ES_true_8,     0.451 ±  0.032
 α, β: [     0.000] ± [     0.000], 20.086 ±  0.000


seed_val:    1
 0.195,     0.012,    [     0.000],    20.086
 0.213,     0.035,    [     0.000],    20.086
 0.233,     0.058,    [     0.000],    20.086
 0.220,     0.048,    [     0.000],    20.086
 0.241,     0.067,    [     0.000],    20.086
 0.238,     0.063,    [     0.000],    20.086
 0.250,     0.072,    [     0.000],    20.086
 0.257,     0.093,    [     0.000],    20.086
 0.255,     0.086,    [     0.000],    20.086
 0.264,     0.097,    [     0.000],    20.086
 0.244,     0.064,    [     0.000],    20.086
 0.244,     0.073,    [     0.000],    20.086
 0.250,     0.076,    [     0.000],    20.086
 0.264,     0.092,    [     0.000],    20.086
 0.253,     0.082,    [     0.000],    20.086

 pctg,    rr,    α,    β
 0.600,     0.136,    [     0.000],    20.086


seed_val:    2
 0.162,    -0.029,    [     0.000],    20.086
 0.213,     0.002,    [     0.000],    20.086
 0.232,     0.008,    [     0.000],    20.086
 0.234,    -0.000,    [     0.000],    20.086
 0.261,     0.027,    [     0.000],    20.086
 0.251,     0.012,    [     0.000],    20.086
 0.272,     0.038,    [     0.000],    20.086
 0.261,     0.018,    [     0.000],    20.086
 0.269,     0.021,    [     0.000],    20.086
 0.267,     0.017,    [     0.000],    20.086
 0.272,     0.025,    [     0.000],    20.086
 0.276,     0.030,    [     0.000],    20.086
 0.271,     0.020,    [     0.000],    20.086
 0.283,     0.032,    [     0.000],    20.086
 0.316,     0.079,    [     0.000],    20.086

 pctg,    rr,    α,    β
 0.600,     0.142,    [     0.000],    20.086


seed_val:    3
 0.199,     0.010,    [     0.000],    20.086
 0.227,     0.050,    [     0.000],    20.086
 0.221,     0.032,    [     0.000],    20.086
 0.221,     0.031,    [     0.000],    20.086
 0.238,     0.050,    [     0.000],    20.086
 0.227,     0.036,    [     0.000],    20.086
 0.228,     0.029,    [     0.000],    20.086
 0.234,     0.032,    [     0.000],    20.086
 0.235,     0.036,    [     0.000],    20.086
 0.240,     0.046,    [     0.000],    20.086
 0.262,     0.070,    [     0.000],    20.086
 0.243,     0.040,    [     0.000],    20.086
 0.264,     0.069,    [     0.000],    20.086
 0.259,     0.061,    [     0.000],    20.086
 0.251,     0.048,    [     0.000],    20.086

 pctg,    rr,    α,    β
 0.600,     0.112,    [     0.000],    20.086


seed_val:    4
 0.214,     0.061,    [     0.000],    20.086
 0.234,     0.083,    [     0.000],    20.086
 0.225,     0.061,    [     0.000],    20.086
 0.242,     0.074,    [     0.000],    20.086
 0.241,     0.078,    [     0.000],    20.086
 0.255,     0.092,    [     0.000],    20.086
 0.259,     0.089,    [     0.000],    20.086
 0.264,     0.095,    [     0.000],    20.086
 0.262,     0.090,    [     0.000],    20.086
 0.252,     0.078,    [     0.000],    20.086
 0.250,     0.072,    [     0.000],    20.086
 0.278,     0.106,    [     0.000],    20.086
 0.247,     0.062,    [     0.000],    20.086
 0.279,     0.104,    [     0.000],    20.086
 0.282,     0.103,    [     0.000],    20.086

 pctg,    rr,    α,    β
 0.600,     0.079,    [     0.000],    20.086


seed_val:    5
 0.193,     0.102,    [     0.000],    20.086
 0.219,     0.142,    [     0.000],    20.086
 0.190,     0.104,    [     0.000],    20.086
 0.215,     0.128,    [     0.000],    20.086
 0.205,     0.113,    [     0.000],    20.086
 0.215,     0.126,    [     0.000],    20.086
 0.208,     0.119,    [     0.000],    20.086
 0.243,     0.159,    [     0.000],    20.086
 0.235,     0.141,    [     0.000],    20.086
 0.245,     0.153,    [     0.000],    20.086
 0.245,     0.153,    [     0.000],    20.086
 0.243,     0.145,    [     0.000],    20.086
 0.238,     0.141,    [     0.000],    20.086
 0.246,     0.144,    [     0.000],    20.086
 0.250,     0.152,    [     0.000],    20.086

 pctg,    rr,    α,    β
 0.600,     0.164,    [     0.000],    20.086


seed_val:    6
 0.122,    -0.012,    [     0.000],    20.086
 0.208,     0.081,    [     0.000],    20.086
 0.235,     0.107,    [     0.000],    20.086
 0.254,     0.128,    [     0.000],    20.086
 0.254,     0.122,    [     0.000],    20.086
 0.246,     0.107,    [     0.000],    20.086
 0.248,     0.112,    [     0.000],    20.086
 0.260,     0.123,    [     0.000],    20.086
 0.248,     0.105,    [     0.000],    20.086
 0.231,     0.083,    [     0.000],    20.086
 0.278,     0.135,    [     0.000],    20.086
 0.266,     0.124,    [     0.000],    20.086
 0.226,     0.070,    [     0.000],    20.086
 0.238,     0.085,    [     0.000],    20.086
 0.276,     0.125,    [     0.000],    20.086

 pctg,    rr,    α,    β
 0.600,     0.057,    [     0.000],    20.086


seed_val:    7
 0.241,     0.087,    [     0.000],    20.086
 0.239,     0.076,    [     0.000],    20.086
 0.258,     0.094,    [     0.000],    20.086
 0.257,     0.088,    [     0.000],    20.086
 0.258,     0.084,    [     0.000],    20.086
 0.246,     0.064,    [     0.000],    20.086
 0.254,     0.071,    [     0.000],    20.086
 0.265,     0.083,    [     0.000],    20.086
 0.247,     0.054,    [     0.000],    20.086
 0.287,     0.097,    [     0.000],    20.086
 0.280,     0.088,    [     0.000],    20.086
 0.261,     0.059,    [     0.000],    20.086
 0.290,     0.095,    [     0.000],    20.086
 0.292,     0.096,    [     0.000],    20.086
 0.279,     0.078,    [     0.000],    20.086

 pctg,    rr,    α,    β
 0.600,     0.073,    [     0.000],    20.086


seed_val:    8
 0.184,     0.007,    [     0.000],    20.086
 0.202,     0.048,    [     0.000],    20.086
 0.219,     0.070,    [     0.000],    20.086
 0.225,     0.080,    [     0.000],    20.086
 0.223,     0.075,    [     0.000],    20.086
 0.247,     0.099,    [     0.000],    20.086
 0.229,     0.082,    [     0.000],    20.086
 0.239,     0.093,    [     0.000],    20.086
 0.225,     0.069,    [     0.000],    20.086
 0.220,     0.056,    [     0.000],    20.086
 0.239,     0.078,    [     0.000],    20.086
 0.261,     0.104,    [     0.000],    20.086
 0.245,     0.083,    [     0.000],    20.086
 0.273,     0.117,    [     0.000],    20.086
 0.262,     0.101,    [     0.000],    20.086

 pctg,    rr,    α,    β
 0.600,     0.087,    [     0.000],    20.086


seed_val:    9
 0.134,     0.015,    [     0.000],    20.086
 0.174,     0.059,    [     0.000],    20.086
 0.223,     0.118,    [     0.000],    20.086
 0.232,     0.123,    [     0.000],    20.086
 0.236,     0.124,    [     0.000],    20.086
 0.224,     0.105,    [     0.000],    20.086
 0.236,     0.118,    [     0.000],    20.086
 0.240,     0.125,    [     0.000],    20.086
 0.233,     0.113,    [     0.000],    20.086
 0.237,     0.113,    [     0.000],    20.086
 0.266,     0.152,    [     0.000],    20.086
 0.232,     0.113,    [     0.000],    20.086
 0.232,     0.103,    [     0.000],    20.086
 0.233,     0.104,    [     0.000],    20.086
 0.241,     0.111,    [     0.000],    20.086

 pctg,    rr,    α,    β
 0.600,     0.107,    [     0.000],    20.086


seed_val:    10
 0.161,    -0.049,    [     0.000],    20.086
 0.247,     0.073,    [     0.000],    20.086
 0.245,     0.067,    [     0.000],    20.086
 0.234,     0.043,    [     0.000],    20.086
 0.246,     0.056,    [     0.000],    20.086
 0.267,     0.088,    [     0.000],    20.086
 0.273,     0.095,    [     0.000],    20.086
 0.248,     0.053,    [     0.000],    20.086
 0.257,     0.065,    [     0.000],    20.086
 0.262,     0.072,    [     0.000],    20.086
 0.270,     0.084,    [     0.000],    20.086
 0.273,     0.084,    [     0.000],    20.086
 0.277,     0.090,    [     0.000],    20.086
 0.257,     0.059,    [     0.000],    20.086
 0.266,     0.072,    [     0.000],    20.086

 pctg,    rr,    α,    β
 0.600,     0.110,    [     0.000],    20.086

 trans: twitch_FR_true_8,     0.107 ±  0.034
 α, β: [     0.000] ± [     0.000], 20.086 ±  0.000


seed_val:    1
 0.380,     0.286,    [     0.000],    20.086
 0.463,     0.400,    [     0.000],    20.086
 0.500,     0.440,    [     0.000],    20.086
 0.502,     0.447,    [     0.000],    20.086
 0.512,     0.453,    [     0.000],    20.086
 0.518,     0.460,    [     0.000],    20.086
 0.521,     0.459,    [     0.000],    20.086
 0.521,     0.457,    [     0.000],    20.086
 0.525,     0.457,    [     0.000],    20.086
 0.526,     0.455,    [     0.000],    20.086
 0.533,     0.462,    [     0.000],    20.086
 0.537,     0.464,    [     0.000],    20.086
 0.538,     0.463,    [     0.000],    20.086
 0.535,     0.457,    [     0.000],    20.086
 0.539,     0.458,    [     0.000],    20.086

 pctg,    rr,    α,    β
 0.600,     0.392,    [     0.000],    20.086


seed_val:    2
 0.410,     0.299,    [     0.000],    20.086
 0.458,     0.355,    [     0.000],    20.086
 0.472,     0.367,    [     0.000],    20.086
 0.483,     0.389,    [     0.000],    20.086
 0.492,     0.392,    [     0.000],    20.086
 0.494,     0.394,    [     0.000],    20.086
 0.496,     0.394,    [     0.000],    20.086
 0.504,     0.402,    [     0.000],    20.086
 0.509,     0.409,    [     0.000],    20.086
 0.508,     0.409,    [     0.000],    20.086
 0.508,     0.403,    [     0.000],    20.086
 0.517,     0.426,    [     0.000],    20.086
 0.520,     0.426,    [     0.000],    20.086
 0.525,     0.436,    [     0.000],    20.086
 0.526,     0.432,    [     0.000],    20.086

 pctg,    rr,    α,    β
 0.600,     0.456,    [     0.000],    20.086


seed_val:    3
 0.455,     0.440,    [     0.000],    20.086
 0.485,     0.480,    [     0.000],    20.086
 0.499,     0.494,    [     0.000],    20.086
 0.499,     0.482,    [     0.000],    20.086
 0.514,     0.501,    [     0.000],    20.086
 0.515,     0.495,    [     0.000],    20.086
 0.519,     0.498,    [     0.000],    20.086
 0.522,     0.494,    [     0.000],    20.086
 0.527,     0.499,    [     0.000],    20.086
 0.525,     0.489,    [     0.000],    20.086
 0.530,     0.491,    [     0.000],    20.086
 0.532,     0.497,    [     0.000],    20.086
 0.535,     0.492,    [     0.000],    20.086
 0.537,     0.487,    [     0.000],    20.086
 0.543,     0.500,    [     0.000],    20.086

 pctg,    rr,    α,    β
 0.600,     0.424,    [     0.000],    20.086


seed_val:    4
 0.248,     0.085,    [     0.000],    20.086
 0.473,     0.383,    [     0.000],    20.086
 0.498,     0.411,    [     0.000],    20.086
 0.502,     0.415,    [     0.000],    20.086
 0.509,     0.417,    [     0.000],    20.086
 0.514,     0.420,    [     0.000],    20.086
 0.518,     0.422,    [     0.000],    20.086
 0.520,     0.422,    [     0.000],    20.086
 0.521,     0.421,    [     0.000],    20.086
 0.529,     0.435,    [     0.000],    20.086
 0.526,     0.430,    [     0.000],    20.086
 0.533,     0.440,    [     0.000],    20.086
 0.536,     0.436,    [     0.000],    20.086
 0.537,     0.439,    [     0.000],    20.086
 0.539,     0.440,    [     0.000],    20.086

 pctg,    rr,    α,    β
 0.600,     0.485,    [     0.000],    20.086


seed_val:    5
 0.428,     0.359,    [     0.000],    20.086
 0.472,     0.423,    [     0.000],    20.086
 0.491,     0.442,    [     0.000],    20.086
 0.489,     0.426,    [     0.000],    20.086
 0.503,     0.438,    [     0.000],    20.086
 0.505,     0.438,    [     0.000],    20.086
 0.514,     0.455,    [     0.000],    20.086
 0.510,     0.434,    [     0.000],    20.086
 0.515,     0.447,    [     0.000],    20.086
 0.514,     0.451,    [     0.000],    20.086
 0.521,     0.454,    [     0.000],    20.086
 0.528,     0.464,    [     0.000],    20.086
 0.528,     0.460,    [     0.000],    20.086
 0.524,     0.453,    [     0.000],    20.086
 0.526,     0.454,    [     0.000],    20.086

 pctg,    rr,    α,    β
 0.600,     0.464,    [     0.000],    20.086


seed_val:    6
 0.357,     0.234,    [     0.000],    20.086
 0.477,     0.386,    [     0.000],    20.086
 0.494,     0.390,    [     0.000],    20.086
 0.507,     0.396,    [     0.000],    20.086
 0.521,     0.409,    [     0.000],    20.086
 0.525,     0.410,    [     0.000],    20.086
 0.527,     0.407,    [     0.000],    20.086
 0.535,     0.412,    [     0.000],    20.086
 0.538,     0.410,    [     0.000],    20.086
 0.541,     0.412,    [     0.000],    20.086
 0.547,     0.416,    [     0.000],    20.086
 0.549,     0.419,    [     0.000],    20.086
 0.553,     0.415,    [     0.000],    20.086
 0.551,     0.414,    [     0.000],    20.086
 0.554,     0.415,    [     0.000],    20.086

 pctg,    rr,    α,    β
 0.600,     0.437,    [     0.000],    20.086


seed_val:    7
 0.275,     0.179,    [     0.000],    20.086
 0.413,     0.377,    [     0.000],    20.086
 0.472,     0.421,    [     0.000],    20.086
 0.481,     0.419,    [     0.000],    20.086
 0.494,     0.439,    [     0.000],    20.086
 0.503,     0.448,    [     0.000],    20.086
 0.506,     0.451,    [     0.000],    20.086
 0.504,     0.453,    [     0.000],    20.086
 0.509,     0.441,    [     0.000],    20.086
 0.517,     0.454,    [     0.000],    20.086
 0.517,     0.455,    [     0.000],    20.086
 0.524,     0.460,    [     0.000],    20.086
 0.519,     0.443,    [     0.000],    20.086
 0.524,     0.451,    [     0.000],    20.086
 0.519,     0.444,    [     0.000],    20.086

 pctg,    rr,    α,    β
 0.600,     0.400,    [     0.000],    20.086


seed_val:    8
 0.218,     0.083,    [     0.000],    20.086
 0.255,     0.124,    [     0.000],    20.086
 0.297,     0.180,    [     0.000],    20.086
 0.319,     0.211,    [     0.000],    20.086
 0.319,     0.210,    [     0.000],    20.086
 0.360,     0.265,    [     0.000],    20.086
 0.381,     0.290,    [     0.000],    20.086
 0.410,     0.331,    [     0.000],    20.086
 0.422,     0.341,    [     0.000],    20.086
 0.414,     0.324,    [     0.000],    20.086
 0.430,     0.348,    [     0.000],    20.086
 0.447,     0.367,    [     0.000],    20.086
 0.450,     0.369,    [     0.000],    20.086
 0.490,     0.428,    [     0.000],    20.086
 0.473,     0.401,    [     0.000],    20.086

 pctg,    rr,    α,    β
 0.600,     0.357,    [     0.000],    20.086


seed_val:    9
 0.434,     0.403,    [     0.000],    20.086
 0.485,     0.440,    [     0.000],    20.086
 0.490,     0.443,    [     0.000],    20.086
 0.505,     0.454,    [     0.000],    20.086
 0.506,     0.449,    [     0.000],    20.086
 0.505,     0.450,    [     0.000],    20.086
 0.515,     0.464,    [     0.000],    20.086
 0.518,     0.464,    [     0.000],    20.086
 0.516,     0.463,    [     0.000],    20.086
 0.523,     0.471,    [     0.000],    20.086
 0.523,     0.470,    [     0.000],    20.086
 0.530,     0.477,    [     0.000],    20.086
 0.524,     0.465,    [     0.000],    20.086
 0.527,     0.467,    [     0.000],    20.086
 0.530,     0.470,    [     0.000],    20.086

 pctg,    rr,    α,    β
 0.600,     0.450,    [     0.000],    20.086


seed_val:    10
 0.380,     0.289,    [     0.000],    20.086
 0.451,     0.391,    [     0.000],    20.086
 0.471,     0.413,    [     0.000],    20.086
 0.490,     0.431,    [     0.000],    20.086
 0.496,     0.436,    [     0.000],    20.086
 0.501,     0.448,    [     0.000],    20.086
 0.519,     0.462,    [     0.000],    20.086
 0.518,     0.453,    [     0.000],    20.086
 0.527,     0.467,    [     0.000],    20.086
 0.523,     0.453,    [     0.000],    20.086
 0.526,     0.467,    [     0.000],    20.086
 0.530,     0.462,    [     0.000],    20.086
 0.533,     0.464,    [     0.000],    20.086
 0.539,     0.467,    [     0.000],    20.086
 0.540,     0.469,    [     0.000],    20.086

 pctg,    rr,    α,    β
 0.600,     0.472,    [     0.000],    20.086

 trans: twitch_RU_true_8,     0.433 ±  0.040
 α, β: [     0.000] ± [     0.000], 20.086 ±  0.000