seed_val:    1
 0.914,     0.955,    [     0.983],     0.885
 0.927,     0.960,    [     0.984],     2.162
 0.944,     0.969,    [     0.985],     4.908
 0.955,     0.975,    [     0.986],    10.168
 0.960,     0.974,    [     0.986],    17.997
 0.968,     0.977,    [     0.986],    27.141
 0.972,     0.980,    [     0.987],    36.722
 0.976,     0.981,    [     0.988],    46.117
 0.977,     0.982,    [     0.989],    54.221
 0.979,     0.984,    [     0.990],    61.367
 0.980,     0.984,    [     0.991],    66.696
 0.981,     0.985,    [     0.991],    70.896
 0.981,     0.984,    [     0.992],    73.913
 0.982,     0.984,    [     0.992],    76.468
 0.982,     0.984,    [     0.993],    78.487

 pctg,    rr,    α,    β
 0.600,     0.990,    [     0.993],    78.487

 pctg_inductive,    rr,    α,    β
 0.000,     0.913,    [     0.993],    78.487
 0.050,     0.970,    [     0.993],    78.487
 0.100,     0.977,    [     0.993],    78.487
 0.150,     0.978,    [     0.993],    78.487
 0.200,     0.981,    [     0.993],    78.487
 0.250,     0.982,    [     0.993],    78.487
 0.300,     0.984,    [     0.993],    78.487
 0.350,     0.985,    [     0.993],    78.487
 0.400,     0.986,    [     0.993],    78.487
 0.450,     0.987,    [     0.993],    78.487
 0.500,     0.988,    [     0.993],    78.487
 0.550,     0.988,    [     0.993],    78.487
 0.600,     0.987,    [     0.993],    78.487


seed_val:    2
 0.904,     0.960,    [     0.936],     3.802
 0.953,     0.970,    [     0.946],     7.836
 0.965,     0.977,    [     0.947],    14.967
 0.972,     0.982,    [     0.951],    25.068
 0.976,     0.984,    [     0.958],    36.262
 0.979,     0.986,    [     0.964],    46.302
 0.979,     0.987,    [     0.970],    53.912
 0.981,     0.988,    [     0.974],    59.842
 0.982,     0.988,    [     0.978],    64.430
 0.983,     0.988,    [     0.980],    68.120
 0.983,     0.988,    [     0.982],    71.164
 0.984,     0.989,    [     0.984],    73.791
 0.984,     0.989,    [     0.985],    75.471
 0.984,     0.989,    [     0.986],    77.047
 0.984,     0.989,    [     0.987],    78.296

 pctg,    rr,    α,    β
 0.600,     0.987,    [     0.987],    78.296

 pctg_inductive,    rr,    α,    β
 0.000,     0.884,    [     0.987],    78.296
 0.050,     0.939,    [     0.987],    78.296
 0.100,     0.967,    [     0.987],    78.296
 0.150,     0.976,    [     0.987],    78.296
 0.200,     0.976,    [     0.987],    78.296
 0.250,     0.983,    [     0.987],    78.296
 0.300,     0.979,    [     0.987],    78.296
 0.350,     0.984,    [     0.987],    78.296
 0.400,     0.984,    [     0.987],    78.296
 0.450,     0.984,    [     0.987],    78.296
 0.500,     0.985,    [     0.987],    78.296
 0.550,     0.984,    [     0.987],    78.296
 0.600,     0.987,    [     0.987],    78.296


seed_val:    3
 0.881,     0.963,    [     0.965],     1.566
 0.927,     0.973,    [     0.972],     3.497
 0.966,     0.982,    [     0.976],     7.721
 0.970,     0.983,    [     0.976],    16.114
 0.973,     0.984,    [     0.976],    28.012
 0.975,     0.984,    [     0.978],    40.352
 0.977,     0.984,    [     0.981],    50.122
 0.978,     0.985,    [     0.983],    56.888
 0.979,     0.986,    [     0.985],    62.393
 0.980,     0.987,    [     0.986],    66.939
 0.980,     0.987,    [     0.987],    70.447
 0.981,     0.987,    [     0.988],    73.573
 0.982,     0.987,    [     0.989],    76.234
 0.982,     0.988,    [     0.990],    78.700
 0.983,     0.988,    [     0.990],    80.806

 pctg,    rr,    α,    β
 0.600,     0.980,    [     0.990],    80.806

 pctg_inductive,    rr,    α,    β
 0.000,     0.902,    [     0.990],    80.806
 0.050,     0.959,    [     0.990],    80.806
 0.100,     0.969,    [     0.990],    80.806
 0.150,     0.975,    [     0.990],    80.806
 0.200,     0.977,    [     0.990],    80.806
 0.250,     0.981,    [     0.990],    80.806
 0.300,     0.980,    [     0.990],    80.806
 0.350,     0.983,    [     0.990],    80.806
 0.400,     0.986,    [     0.990],    80.806
 0.450,     0.987,    [     0.990],    80.806
 0.500,     0.988,    [     0.990],    80.806
 0.550,     0.986,    [     0.990],    80.806
 0.600,     0.989,    [     0.990],    80.806


seed_val:    4
 0.847,     0.946,    [     0.937],     3.340
 0.929,     0.958,    [     0.948],     6.582
 0.950,     0.969,    [     0.949],    12.305
 0.965,     0.978,    [     0.952],    20.737
 0.972,     0.982,    [     0.957],    30.915
 0.975,     0.984,    [     0.963],    41.150
 0.977,     0.985,    [     0.968],    50.382
 0.979,     0.985,    [     0.972],    57.680
 0.980,     0.985,    [     0.976],    63.829
 0.981,     0.985,    [     0.979],    68.565
 0.982,     0.985,    [     0.981],    72.265
 0.982,     0.985,    [     0.982],    75.262
 0.983,     0.985,    [     0.984],    77.716
 0.982,     0.985,    [     0.985],    79.425
 0.983,     0.985,    [     0.986],    80.813

 pctg,    rr,    α,    β
 0.600,     0.990,    [     0.986],    80.813

 pctg_inductive,    rr,    α,    β
 0.000,     0.898,    [     0.986],    80.813
 0.050,     0.952,    [     0.986],    80.813
 0.100,     0.962,    [     0.986],    80.813
 0.150,     0.976,    [     0.986],    80.813
 0.200,     0.977,    [     0.986],    80.813
 0.250,     0.975,    [     0.986],    80.813
 0.300,     0.979,    [     0.986],    80.813
 0.350,     0.984,    [     0.986],    80.813
 0.400,     0.981,    [     0.986],    80.813
 0.450,     0.984,    [     0.986],    80.813
 0.500,     0.983,    [     0.986],    80.813
 0.550,     0.985,    [     0.986],    80.813
 0.600,     0.988,    [     0.986],    80.813


seed_val:    5
 0.903,     0.965,    [     0.953],     2.057
 0.945,     0.974,    [     0.965],     4.519
 0.963,     0.978,    [     0.972],     9.460
 0.969,     0.982,    [     0.976],    18.057
 0.975,     0.984,    [     0.978],    29.975
 0.977,     0.985,    [     0.981],    42.449
 0.979,     0.985,    [     0.983],    52.360
 0.980,     0.985,    [     0.985],    59.795
 0.981,     0.985,    [     0.986],    65.455
 0.981,     0.985,    [     0.988],    69.343
 0.982,     0.985,    [     0.989],    72.336
 0.982,     0.985,    [     0.990],    74.442
 0.983,     0.985,    [     0.990],    76.051
 0.983,     0.986,    [     0.991],    77.839
 0.983,     0.985,    [     0.991],    79.638

 pctg,    rr,    α,    β
 0.600,     0.986,    [     0.991],    79.638

 pctg_inductive,    rr,    α,    β
 0.000,     0.908,    [     0.991],    79.638
 0.050,     0.963,    [     0.991],    79.638
 0.100,     0.973,    [     0.991],    79.638
 0.150,     0.979,    [     0.991],    79.638
 0.200,     0.980,    [     0.991],    79.638
 0.250,     0.981,    [     0.991],    79.638
 0.300,     0.985,    [     0.991],    79.638
 0.350,     0.981,    [     0.991],    79.638
 0.400,     0.986,    [     0.991],    79.638
 0.450,     0.988,    [     0.991],    79.638
 0.500,     0.986,    [     0.991],    79.638
 0.550,     0.986,    [     0.991],    79.638
 0.600,     0.989,    [     0.991],    79.638


seed_val:    6
 0.850,     0.943,    [     0.971],     1.251
 0.901,     0.958,    [     0.974],     2.852
 0.936,     0.968,    [     0.975],     6.285
 0.947,     0.972,    [     0.975],    12.267
 0.958,     0.976,    [     0.976],    20.633
 0.966,     0.980,    [     0.978],    30.183
 0.972,     0.982,    [     0.979],    39.768
 0.975,     0.983,    [     0.981],    48.745
 0.977,     0.985,    [     0.983],    56.115
 0.978,     0.985,    [     0.985],    61.255
 0.980,     0.986,    [     0.986],    65.885
 0.981,     0.986,    [     0.987],    70.665
 0.983,     0.987,    [     0.988],    75.445
 0.983,     0.988,    [     0.989],    78.919
 0.983,     0.987,    [     0.990],    81.089

 pctg,    rr,    α,    β
 0.600,     0.980,    [     0.990],    81.089

 pctg_inductive,    rr,    α,    β
 0.000,     0.873,    [     0.990],    81.089
 0.050,     0.961,    [     0.990],    81.089
 0.100,     0.965,    [     0.990],    81.089
 0.150,     0.967,    [     0.990],    81.089
 0.200,     0.974,    [     0.990],    81.089
 0.250,     0.979,    [     0.990],    81.089
 0.300,     0.977,    [     0.990],    81.089
 0.350,     0.978,    [     0.990],    81.089
 0.400,     0.981,    [     0.990],    81.089
 0.450,     0.985,    [     0.990],    81.089
 0.500,     0.984,    [     0.990],    81.089
 0.550,     0.985,    [     0.990],    81.089
 0.600,     0.985,    [     0.990],    81.089


seed_val:    7
 0.877,     0.946,    [     0.937],     3.461
 0.956,     0.974,    [     0.948],     7.311
 0.963,     0.979,    [     0.948],    14.684
 0.968,     0.981,    [     0.953],    24.649
 0.973,     0.984,    [     0.960],    35.033
 0.975,     0.985,    [     0.967],    44.055
 0.978,     0.986,    [     0.972],    51.274
 0.979,     0.986,    [     0.976],    56.626
 0.980,     0.987,    [     0.979],    61.033
 0.980,     0.987,    [     0.981],    64.261
 0.981,     0.987,    [     0.983],    67.306
 0.981,     0.987,    [     0.984],    69.616
 0.982,     0.987,    [     0.985],    71.597
 0.982,     0.987,    [     0.986],    73.312
 0.983,     0.987,    [     0.987],    74.884

 pctg,    rr,    α,    β
 0.600,     0.987,    [     0.987],    74.884

 pctg_inductive,    rr,    α,    β
 0.000,     0.911,    [     0.987],    74.884
 0.050,     0.954,    [     0.987],    74.884
 0.100,     0.974,    [     0.987],    74.884
 0.150,     0.977,    [     0.987],    74.884
 0.200,     0.980,    [     0.987],    74.884
 0.250,     0.981,    [     0.987],    74.884
 0.300,     0.981,    [     0.987],    74.884
 0.350,     0.985,    [     0.987],    74.884
 0.400,     0.985,    [     0.987],    74.884
 0.450,     0.986,    [     0.987],    74.884
 0.500,     0.986,    [     0.987],    74.884
 0.550,     0.987,    [     0.987],    74.884
 0.600,     0.987,    [     0.987],    74.884


seed_val:    8
 0.900,     0.946,    [     0.921],     4.592
 0.944,     0.960,    [     0.938],     8.778
 0.959,     0.970,    [     0.942],    15.557
 0.967,     0.976,    [     0.947],    24.017
 0.972,     0.980,    [     0.955],    33.293
 0.975,     0.982,    [     0.962],    42.706
 0.978,     0.982,    [     0.969],    51.255
 0.980,     0.983,    [     0.974],    58.958
 0.980,     0.984,    [     0.978],    64.966
 0.982,     0.984,    [     0.981],    69.564
 0.983,     0.984,    [     0.983],    73.262
 0.983,     0.984,    [     0.985],    75.771
 0.983,     0.983,    [     0.986],    78.181
 0.984,     0.984,    [     0.987],    80.385
 0.984,     0.983,    [     0.988],    81.762

 pctg,    rr,    α,    β
 0.600,     0.987,    [     0.988],    81.762

 pctg_inductive,    rr,    α,    β
 0.000,     0.919,    [     0.988],    81.762
 0.050,     0.961,    [     0.988],    81.762
 0.100,     0.975,    [     0.988],    81.762
 0.150,     0.978,    [     0.988],    81.762
 0.200,     0.979,    [     0.988],    81.762
 0.250,     0.983,    [     0.988],    81.762
 0.300,     0.983,    [     0.988],    81.762
 0.350,     0.985,    [     0.988],    81.762
 0.400,     0.986,    [     0.988],    81.762
 0.450,     0.985,    [     0.988],    81.762
 0.500,     0.987,    [     0.988],    81.762
 0.550,     0.988,    [     0.988],    81.762
 0.600,     0.988,    [     0.988],    81.762


seed_val:    9
 0.841,     0.885,    [     0.998],     0.089
 0.843,     0.886,    [     0.998],     0.238
 0.847,     0.889,    [     0.998],     0.624
 0.857,     0.896,    [     0.998],     1.538
 0.894,     0.927,    [     0.998],     3.432
 0.938,     0.968,    [     0.998],     7.440
 0.956,     0.977,    [     0.998],    15.153
 0.963,     0.981,    [     0.998],    26.914
 0.969,     0.984,    [     0.998],    40.284
 0.973,     0.987,    [     0.998],    52.280
 0.976,     0.988,    [     0.998],    61.006
 0.978,     0.989,    [     0.998],    67.750
 0.979,     0.990,    [     0.998],    73.624
 0.980,     0.990,    [     0.998],    78.222
 0.981,     0.990,    [     0.998],    81.297

 pctg,    rr,    α,    β
 0.600,     0.984,    [     0.998],    81.297

 pctg_inductive,    rr,    α,    β
 0.000,     0.900,    [     0.998],    81.297
 0.050,     0.967,    [     0.998],    81.297
 0.100,     0.974,    [     0.998],    81.297
 0.150,     0.970,    [     0.998],    81.297
 0.200,     0.978,    [     0.998],    81.297
 0.250,     0.979,    [     0.998],    81.297
 0.300,     0.979,    [     0.998],    81.297
 0.350,     0.985,    [     0.998],    81.297
 0.400,     0.984,    [     0.998],    81.297
 0.450,     0.983,    [     0.998],    81.297
 0.500,     0.984,    [     0.998],    81.297
 0.550,     0.984,    [     0.998],    81.297
 0.600,     0.987,    [     0.998],    81.297


seed_val:    10
 0.923,     0.963,    [     0.870],     7.264
 0.954,     0.974,    [     0.898],    13.258
 0.961,     0.980,    [     0.916],    21.349
 0.966,     0.983,    [     0.935],    30.107
 0.970,     0.985,    [     0.950],    37.989
 0.973,     0.987,    [     0.961],    44.698
 0.975,     0.988,    [     0.969],    50.155
 0.976,     0.988,    [     0.974],    54.510
 0.977,     0.988,    [     0.977],    58.198
 0.978,     0.988,    [     0.980],    61.921
 0.979,     0.988,    [     0.982],    64.461
 0.980,     0.989,    [     0.984],    67.044
 0.981,     0.989,    [     0.985],    69.607
 0.981,     0.989,    [     0.986],    71.771
 0.981,     0.989,    [     0.987],    72.986

 pctg,    rr,    α,    β
 0.600,     0.989,    [     0.987],    72.986

 pctg_inductive,    rr,    α,    β
 0.000,     0.883,    [     0.987],    72.986
 0.050,     0.942,    [     0.987],    72.986
 0.100,     0.967,    [     0.987],    72.986
 0.150,     0.973,    [     0.987],    72.986
 0.200,     0.976,    [     0.987],    72.986
 0.250,     0.981,    [     0.987],    72.986
 0.300,     0.981,    [     0.987],    72.986
 0.350,     0.983,    [     0.987],    72.986
 0.400,     0.983,    [     0.987],    72.986
 0.450,     0.984,    [     0.987],    72.986
 0.500,     0.984,    [     0.987],    72.986
 0.550,     0.985,    [     0.987],    72.986
 0.600,     0.986,    [     0.987],    72.986

 trans: climate_2007_airT,     0.986 ±  0.004
 α, β: [     0.990] ± [     0.004], 79.006 ±  2.946
 ind: climate_2008_airT,    [     0.899,      0.957,      0.970,      0.975,      0.978,      0.980,      0.981,      0.983,      0.984,      0.985,      0.986,      0.986,      0.987] ± [     0.015,      0.010,      0.005,      0.004,      0.002,      0.002,      0.002,      0.002,      0.002,      0.002,      0.002,      0.002,      0.001]


seed_val:    1
 0.875,     0.938,    [     0.874],     5.836
 0.917,     0.946,    [     0.904],     9.148
 0.927,     0.951,    [     0.925],    12.762
 0.934,     0.955,    [     0.943],    15.882
 0.939,     0.957,    [     0.955],    18.432
 0.943,     0.958,    [     0.964],    20.457
 0.946,     0.959,    [     0.970],    22.149
 0.948,     0.961,    [     0.974],    23.492
 0.951,     0.962,    [     0.977],    24.749
 0.953,     0.962,    [     0.980],    25.834
 0.954,     0.962,    [     0.982],    26.720
 0.954,     0.962,    [     0.983],    27.529
 0.956,     0.962,    [     0.984],    28.203
 0.956,     0.962,    [     0.985],    28.842
 0.956,     0.962,    [     0.986],    29.247

 pctg,    rr,    α,    β
 0.600,     0.974,    [     0.986],    29.247

 pctg_inductive,    rr,    α,    β
 0.000,     0.868,    [     0.986],    29.247
 0.050,     0.934,    [     0.986],    29.247
 0.100,     0.944,    [     0.986],    29.247
 0.150,     0.953,    [     0.986],    29.247
 0.200,     0.955,    [     0.986],    29.247
 0.250,     0.958,    [     0.986],    29.247
 0.300,     0.963,    [     0.986],    29.247
 0.350,     0.963,    [     0.986],    29.247
 0.400,     0.965,    [     0.986],    29.247
 0.450,     0.969,    [     0.986],    29.247
 0.500,     0.970,    [     0.986],    29.247
 0.550,     0.972,    [     0.986],    29.247
 0.600,     0.970,    [     0.986],    29.247


seed_val:    2
 0.829,     0.900,    [     0.905],     4.283
 0.898,     0.924,    [     0.924],     6.883
 0.915,     0.938,    [     0.932],    10.173
 0.926,     0.946,    [     0.941],    13.503
 0.933,     0.951,    [     0.950],    16.484
 0.938,     0.955,    [     0.957],    19.019
 0.941,     0.956,    [     0.963],    20.978
 0.944,     0.958,    [     0.967],    22.584
 0.946,     0.958,    [     0.971],    23.768
 0.947,     0.959,    [     0.974],    24.750
 0.947,     0.957,    [     0.976],    25.461
 0.949,     0.957,    [     0.978],    26.104
 0.950,     0.958,    [     0.979],    26.635
 0.950,     0.957,    [     0.980],    27.192
 0.951,     0.957,    [     0.981],    27.698

 pctg,    rr,    α,    β
 0.600,     0.971,    [     0.981],    27.698

 pctg_inductive,    rr,    α,    β
 0.000,     0.882,    [     0.981],    27.698
 0.050,     0.915,    [     0.981],    27.698
 0.100,     0.935,    [     0.981],    27.698
 0.150,     0.944,    [     0.981],    27.698
 0.200,     0.950,    [     0.981],    27.698
 0.250,     0.952,    [     0.981],    27.698
 0.300,     0.951,    [     0.981],    27.698
 0.350,     0.958,    [     0.981],    27.698
 0.400,     0.960,    [     0.981],    27.698
 0.450,     0.959,    [     0.981],    27.698
 0.500,     0.960,    [     0.981],    27.698
 0.550,     0.965,    [     0.981],    27.698
 0.600,     0.964,    [     0.981],    27.698


seed_val:    3
 0.789,     0.923,    [     0.981],     0.783
 0.805,     0.927,    [     0.982],     1.766
 0.840,     0.936,    [     0.985],     3.429
 0.891,     0.947,    [     0.986],     5.955
 0.920,     0.952,    [     0.986],     9.548
 0.930,     0.957,    [     0.987],    13.435
 0.938,     0.961,    [     0.987],    17.061
 0.943,     0.964,    [     0.988],    20.262
 0.947,     0.966,    [     0.988],    23.066
 0.948,     0.966,    [     0.989],    25.067
 0.950,     0.967,    [     0.990],    26.608
 0.951,     0.967,    [     0.990],    27.856
 0.952,     0.968,    [     0.991],    28.734
 0.953,     0.968,    [     0.991],    29.554
 0.954,     0.968,    [     0.991],    30.230

 pctg,    rr,    α,    β
 0.600,     0.961,    [     0.991],    30.230

 pctg_inductive,    rr,    α,    β
 0.000,     0.890,    [     0.991],    30.230
 0.050,     0.939,    [     0.991],    30.230
 0.100,     0.943,    [     0.991],    30.230
 0.150,     0.952,    [     0.991],    30.230
 0.200,     0.956,    [     0.991],    30.230
 0.250,     0.959,    [     0.991],    30.230
 0.300,     0.961,    [     0.991],    30.230
 0.350,     0.963,    [     0.991],    30.230
 0.400,     0.968,    [     0.991],    30.230
 0.450,     0.967,    [     0.991],    30.230
 0.500,     0.969,    [     0.991],    30.230
 0.550,     0.966,    [     0.991],    30.230
 0.600,     0.971,    [     0.991],    30.230


seed_val:    4
 0.775,     0.896,    [     0.908],     3.993
 0.879,     0.923,    [     0.930],     6.079
 0.912,     0.940,    [     0.939],     9.085
 0.934,     0.953,    [     0.947],    12.693
 0.942,     0.959,    [     0.954],    16.371
 0.944,     0.962,    [     0.960],    19.352
 0.948,     0.964,    [     0.965],    21.547
 0.950,     0.964,    [     0.970],    23.052
 0.952,     0.965,    [     0.973],    24.182
 0.953,     0.965,    [     0.976],    25.033
 0.953,     0.966,    [     0.978],    25.688
 0.954,     0.966,    [     0.979],    26.289
 0.955,     0.967,    [     0.981],    26.883
 0.955,     0.966,    [     0.982],    27.337
 0.956,     0.967,    [     0.983],    27.693

 pctg,    rr,    α,    β
 0.600,     0.961,    [     0.983],    27.693

 pctg_inductive,    rr,    α,    β
 0.000,     0.882,    [     0.983],    27.693
 0.050,     0.919,    [     0.983],    27.693
 0.100,     0.936,    [     0.983],    27.693
 0.150,     0.949,    [     0.983],    27.693
 0.200,     0.954,    [     0.983],    27.693
 0.250,     0.956,    [     0.983],    27.693
 0.300,     0.958,    [     0.983],    27.693
 0.350,     0.964,    [     0.983],    27.693
 0.400,     0.966,    [     0.983],    27.693
 0.450,     0.963,    [     0.983],    27.693
 0.500,     0.968,    [     0.983],    27.693
 0.550,     0.968,    [     0.983],    27.693
 0.600,     0.967,    [     0.983],    27.693


seed_val:    5
 0.861,     0.935,    [     0.907],     3.476
 0.912,     0.951,    [     0.920],     6.398
 0.924,     0.956,    [     0.931],    10.239
 0.933,     0.961,    [     0.942],    14.139
 0.937,     0.962,    [     0.953],    17.371
 0.941,     0.964,    [     0.961],    19.656
 0.943,     0.965,    [     0.967],    21.351
 0.946,     0.965,    [     0.972],    22.641
 0.947,     0.966,    [     0.975],    23.745
 0.948,     0.966,    [     0.978],    24.574
 0.949,     0.967,    [     0.980],    25.269
 0.950,     0.968,    [     0.982],    25.814
 0.951,     0.968,    [     0.983],    26.289
 0.952,     0.968,    [     0.984],    26.811
 0.953,     0.969,    [     0.985],    27.331

 pctg,    rr,    α,    β
 0.600,     0.961,    [     0.985],    27.331

 pctg_inductive,    rr,    α,    β
 0.000,     0.877,    [     0.985],    27.331
 0.050,     0.926,    [     0.985],    27.331
 0.100,     0.940,    [     0.985],    27.331
 0.150,     0.945,    [     0.985],    27.331
 0.200,     0.954,    [     0.985],    27.331
 0.250,     0.957,    [     0.985],    27.331
 0.300,     0.961,    [     0.985],    27.331
 0.350,     0.962,    [     0.985],    27.331
 0.400,     0.959,    [     0.985],    27.331
 0.450,     0.963,    [     0.985],    27.331
 0.500,     0.968,    [     0.985],    27.331
 0.550,     0.968,    [     0.985],    27.331
 0.600,     0.962,    [     0.985],    27.331


seed_val:    6
 0.738,     0.886,    [     0.953],     1.670
 0.804,     0.903,    [     0.960],     3.173
 0.851,     0.919,    [     0.963],     5.408
 0.887,     0.934,    [     0.965],     8.268
 0.910,     0.945,    [     0.968],    11.614
 0.923,     0.950,    [     0.970],    14.762
 0.930,     0.952,    [     0.972],    17.238
 0.934,     0.954,    [     0.975],    19.107
 0.938,     0.955,    [     0.977],    20.429
 0.941,     0.956,    [     0.978],    21.482
 0.943,     0.957,    [     0.980],    22.553
 0.945,     0.959,    [     0.981],    23.368
 0.947,     0.959,    [     0.982],    24.155
 0.948,     0.960,    [     0.983],    24.867
 0.949,     0.961,    [     0.984],    25.598

 pctg,    rr,    α,    β
 0.600,     0.953,    [     0.984],    25.598

 pctg_inductive,    rr,    α,    β
 0.000,     0.887,    [     0.984],    25.598
 0.050,     0.931,    [     0.984],    25.598
 0.100,     0.933,    [     0.984],    25.598
 0.150,     0.944,    [     0.984],    25.598
 0.200,     0.946,    [     0.984],    25.598
 0.250,     0.952,    [     0.984],    25.598
 0.300,     0.954,    [     0.984],    25.598
 0.350,     0.957,    [     0.984],    25.598
 0.400,     0.960,    [     0.984],    25.598
 0.450,     0.958,    [     0.984],    25.598
 0.500,     0.959,    [     0.984],    25.598
 0.550,     0.967,    [     0.984],    25.598
 0.600,     0.968,    [     0.984],    25.598


seed_val:    7
 0.746,     0.858,    [     0.942],     2.134
 0.834,     0.891,    [     0.960],     3.630
 0.894,     0.926,    [     0.965],     6.187
 0.923,     0.941,    [     0.967],    10.210
 0.934,     0.947,    [     0.969],    14.852
 0.942,     0.952,    [     0.973],    19.062
 0.946,     0.955,    [     0.976],    22.200
 0.949,     0.958,    [     0.978],    24.608
 0.950,     0.959,    [     0.980],    26.357
 0.953,     0.961,    [     0.982],    27.680
 0.954,     0.962,    [     0.984],    28.733
 0.955,     0.962,    [     0.985],    29.525
 0.956,     0.962,    [     0.986],    30.222
 0.956,     0.963,    [     0.986],    30.786
 0.957,     0.964,    [     0.987],    31.231

 pctg,    rr,    α,    β
 0.600,     0.963,    [     0.987],    31.231

 pctg_inductive,    rr,    α,    β
 0.000,     0.900,    [     0.987],    31.231
 0.050,     0.926,    [     0.987],    31.231
 0.100,     0.942,    [     0.987],    31.231
 0.150,     0.946,    [     0.987],    31.231
 0.200,     0.958,    [     0.987],    31.231
 0.250,     0.962,    [     0.987],    31.231
 0.300,     0.959,    [     0.987],    31.231
 0.350,     0.965,    [     0.987],    31.231
 0.400,     0.964,    [     0.987],    31.231
 0.450,     0.970,    [     0.987],    31.231
 0.500,     0.964,    [     0.987],    31.231
 0.550,     0.970,    [     0.987],    31.231
 0.600,     0.970,    [     0.987],    31.231


seed_val:    8
 0.852,     0.900,    [     0.848],     5.410
 0.903,     0.929,    [     0.880],     8.168
 0.919,     0.941,    [     0.906],    11.383
 0.929,     0.950,    [     0.927],    14.515
 0.936,     0.954,    [     0.943],    17.402
 0.940,     0.957,    [     0.955],    19.925
 0.945,     0.959,    [     0.962],    22.265
 0.947,     0.960,    [     0.968],    24.346
 0.949,     0.961,    [     0.973],    25.930
 0.951,     0.961,    [     0.976],    27.259
 0.953,     0.962,    [     0.978],    28.376
 0.954,     0.961,    [     0.980],    29.117
 0.954,     0.961,    [     0.982],    29.764
 0.955,     0.962,    [     0.983],    30.375
 0.955,     0.961,    [     0.984],    30.740

 pctg,    rr,    α,    β
 0.600,     0.966,    [     0.984],    30.740

 pctg_inductive,    rr,    α,    β
 0.000,     0.885,    [     0.984],    30.740
 0.050,     0.932,    [     0.984],    30.740
 0.100,     0.942,    [     0.984],    30.740
 0.150,     0.951,    [     0.984],    30.740
 0.200,     0.955,    [     0.984],    30.740
 0.250,     0.961,    [     0.984],    30.740
 0.300,     0.964,    [     0.984],    30.740
 0.350,     0.964,    [     0.984],    30.740
 0.400,     0.964,    [     0.984],    30.740
 0.450,     0.967,    [     0.984],    30.740
 0.500,     0.965,    [     0.984],    30.740
 0.550,     0.966,    [     0.984],    30.740
 0.600,     0.967,    [     0.984],    30.740


seed_val:    9
 0.711,     0.789,    [     0.999],     0.052
 0.712,     0.790,    [     0.999],     0.139
 0.715,     0.792,    [     0.999],     0.364
 0.725,     0.798,    [     0.999],     0.896
 0.749,     0.811,    [     0.999],     1.960
 0.789,     0.832,    [     0.999],     3.620
 0.827,     0.854,    [     0.999],     5.607
 0.864,     0.880,    [     0.999],     7.748
 0.888,     0.900,    [     0.999],    10.102
 0.896,     0.910,    [     0.999],    12.215
 0.902,     0.917,    [     0.999],    13.589
 0.905,     0.920,    [     0.999],    14.514
 0.906,     0.922,    [     0.999],    15.188
 0.910,     0.926,    [     0.999],    15.638
 0.912,     0.928,    [     0.999],    16.059

 pctg,    rr,    α,    β
 0.600,     0.929,    [     0.999],    16.059

 pctg_inductive,    rr,    α,    β
 0.000,     0.423,    [     0.999],    16.059
 0.050,     0.892,    [     0.999],    16.059
 0.100,     0.923,    [     0.999],    16.059
 0.150,     0.927,    [     0.999],    16.059
 0.200,     0.926,    [     0.999],    16.059
 0.250,     0.939,    [     0.999],    16.059
 0.300,     0.945,    [     0.999],    16.059
 0.350,     0.943,    [     0.999],    16.059
 0.400,     0.944,    [     0.999],    16.059
 0.450,     0.952,    [     0.999],    16.059
 0.500,     0.952,    [     0.999],    16.059
 0.550,     0.949,    [     0.999],    16.059
 0.600,     0.946,    [     0.999],    16.059


seed_val:    10
 0.831,     0.915,    [     0.889],     4.556
 0.905,     0.940,    [     0.922],     7.001
 0.930,     0.947,    [     0.937],    10.753
 0.942,     0.954,    [     0.949],    15.016
 0.950,     0.958,    [     0.959],    19.441
 0.952,     0.959,    [     0.966],    23.192
 0.954,     0.959,    [     0.972],    25.765
 0.955,     0.961,    [     0.976],    27.444
 0.956,     0.962,    [     0.979],    28.749
 0.958,     0.962,    [     0.981],    29.813
 0.958,     0.963,    [     0.983],    30.554
 0.959,     0.963,    [     0.984],    31.242
 0.958,     0.963,    [     0.985],    31.729
 0.959,     0.963,    [     0.986],    32.076
 0.959,     0.963,    [     0.987],    32.413

 pctg,    rr,    α,    β
 0.600,     0.963,    [     0.987],    32.413

 pctg_inductive,    rr,    α,    β
 0.000,     0.861,    [     0.987],    32.413
 0.050,     0.921,    [     0.987],    32.413
 0.100,     0.937,    [     0.987],    32.413
 0.150,     0.953,    [     0.987],    32.413
 0.200,     0.955,    [     0.987],    32.413
 0.250,     0.957,    [     0.987],    32.413
 0.300,     0.961,    [     0.987],    32.413
 0.350,     0.962,    [     0.987],    32.413
 0.400,     0.963,    [     0.987],    32.413
 0.450,     0.966,    [     0.987],    32.413
 0.500,     0.964,    [     0.987],    32.413
 0.550,     0.967,    [     0.987],    32.413
 0.600,     0.972,    [     0.987],    32.413

 trans: climate_2007_landT,     0.960 ±  0.012
 α, β: [     0.987] ± [     0.005], 27.824 ±  4.627
 ind: climate_2008_landT,    [     0.835,      0.923,      0.938,      0.946,      0.951,      0.955,      0.958,      0.960,      0.961,      0.963,      0.964,      0.966,      0.966] ± [     0.145,      0.013,      0.006,      0.008,      0.009,      0.007,      0.006,      0.007,      0.007,      0.005,      0.006,      0.006,      0.008]

seed_val:    1
 0.792,     0.888,    [     0.917],     3.747
 0.850,     0.910,    [     0.949],     5.357
 0.873,     0.918,    [     0.963],     7.255
 0.882,     0.920,    [     0.972],     8.802
 0.888,     0.922,    [     0.977],     9.894
 0.892,     0.923,    [     0.981],    10.640
 0.895,     0.925,    [     0.984],    11.153
 0.897,     0.925,    [     0.986],    11.513
 0.898,     0.926,    [     0.988],    11.823
 0.900,     0.927,    [     0.989],    12.094
 0.901,     0.927,    [     0.990],    12.250
 0.902,     0.927,    [     0.991],    12.445
 0.904,     0.927,    [     0.991],    12.601
 0.905,     0.927,    [     0.992],    12.776
 0.905,     0.928,    [     0.993],    12.964

 pctg,    rr,    α,    β
 0.600,     0.913,    [     0.993],    12.964

 pctg_inductive,    rr,    α,    β
 0.000,     0.467,    [     0.993],    12.964
 0.050,     0.821,    [     0.993],    12.964
 0.100,     0.855,    [     0.993],    12.964
 0.150,     0.872,    [     0.993],    12.964
 0.200,     0.893,    [     0.993],    12.964
 0.250,     0.896,    [     0.993],    12.964
 0.300,     0.897,    [     0.993],    12.964
 0.350,     0.901,    [     0.993],    12.964
 0.400,     0.912,    [     0.993],    12.964
 0.450,     0.914,    [     0.993],    12.964
 0.500,     0.918,    [     0.993],    12.964
 0.550,     0.927,    [     0.993],    12.964
 0.600,     0.925,    [     0.993],    12.964


seed_val:    2
 0.760,     0.878,    [     0.930],     3.367
 0.821,     0.886,    [     0.959],     4.749
 0.847,     0.882,    [     0.968],     6.377
 0.863,     0.891,    [     0.974],     7.877
 0.874,     0.899,    [     0.979],     9.215
 0.881,     0.903,    [     0.982],    10.231
 0.884,     0.905,    [     0.985],    10.927
 0.886,     0.906,    [     0.987],    11.432
 0.887,     0.906,    [     0.989],    11.770
 0.890,     0.907,    [     0.990],    12.089
 0.891,     0.908,    [     0.991],    12.390
 0.892,     0.909,    [     0.991],    12.631
 0.894,     0.909,    [     0.992],    12.835
 0.895,     0.909,    [     0.993],    13.055
 0.896,     0.909,    [     0.993],    13.226

 pctg,    rr,    α,    β
 0.600,     0.904,    [     0.993],    13.226

 pctg_inductive,    rr,    α,    β
 0.000,     0.506,    [     0.993],    13.226
 0.050,     0.784,    [     0.993],    13.226
 0.100,     0.849,    [     0.993],    13.226
 0.150,     0.877,    [     0.993],    13.226
 0.200,     0.898,    [     0.993],    13.226
 0.250,     0.903,    [     0.993],    13.226
 0.300,     0.892,    [     0.993],    13.226
 0.350,     0.918,    [     0.993],    13.226
 0.400,     0.915,    [     0.993],    13.226
 0.450,     0.911,    [     0.993],    13.226
 0.500,     0.922,    [     0.993],    13.226
 0.550,     0.925,    [     0.993],    13.226
 0.600,     0.928,    [     0.993],    13.226


seed_val:    3
 0.738,     0.861,    [     0.954],     1.447
 0.781,     0.872,    [     0.966],     2.742
 0.812,     0.881,    [     0.975],     4.438
 0.835,     0.885,    [     0.981],     6.253
 0.843,     0.885,    [     0.983],     7.817
 0.851,     0.887,    [     0.985],     8.950
 0.857,     0.890,    [     0.987],     9.706
 0.862,     0.892,    [     0.989],    10.316
 0.866,     0.894,    [     0.990],    10.765
 0.868,     0.895,    [     0.991],    11.164
 0.872,     0.897,    [     0.991],    11.490
 0.873,     0.898,    [     0.992],    11.779
 0.875,     0.899,    [     0.992],    11.987
 0.877,     0.901,    [     0.993],    12.169
 0.879,     0.902,    [     0.993],    12.337

 pctg,    rr,    α,    β
 0.600,     0.923,    [     0.993],    12.337

 pctg_inductive,    rr,    α,    β
 0.000,     0.498,    [     0.993],    12.337
 0.050,     0.817,    [     0.993],    12.337
 0.100,     0.856,    [     0.993],    12.337
 0.150,     0.880,    [     0.993],    12.337
 0.200,     0.895,    [     0.993],    12.337
 0.250,     0.905,    [     0.993],    12.337
 0.300,     0.922,    [     0.993],    12.337
 0.350,     0.907,    [     0.993],    12.337
 0.400,     0.923,    [     0.993],    12.337
 0.450,     0.918,    [     0.993],    12.337
 0.500,     0.927,    [     0.993],    12.337
 0.550,     0.911,    [     0.993],    12.337
 0.600,     0.931,    [     0.993],    12.337


seed_val:    4
 0.722,     0.867,    [     0.956],     1.661
 0.768,     0.877,    [     0.966],     2.948
 0.823,     0.896,    [     0.972],     4.733
 0.859,     0.904,    [     0.975],     6.928
 0.869,     0.910,    [     0.978],     8.767
 0.878,     0.913,    [     0.981],    10.050
 0.882,     0.916,    [     0.984],    10.887
 0.884,     0.917,    [     0.986],    11.441
 0.888,     0.919,    [     0.988],    11.860
 0.890,     0.919,    [     0.989],    12.124
 0.891,     0.921,    [     0.990],    12.332
 0.894,     0.923,    [     0.991],    12.582
 0.895,     0.925,    [     0.991],    12.845
 0.897,     0.925,    [     0.992],    13.023
 0.898,     0.926,    [     0.992],    13.187

 pctg,    rr,    α,    β
 0.600,     0.906,    [     0.992],    13.187

 pctg_inductive,    rr,    α,    β
 0.000,     0.479,    [     0.992],    13.187
 0.050,     0.784,    [     0.992],    13.187
 0.100,     0.849,    [     0.992],    13.187
 0.150,     0.876,    [     0.992],    13.187
 0.200,     0.892,    [     0.992],    13.187
 0.250,     0.900,    [     0.992],    13.187
 0.300,     0.906,    [     0.992],    13.187
 0.350,     0.921,    [     0.992],    13.187
 0.400,     0.919,    [     0.992],    13.187
 0.450,     0.924,    [     0.992],    13.187
 0.500,     0.917,    [     0.992],    13.187
 0.550,     0.930,    [     0.992],    13.187
 0.600,     0.930,    [     0.992],    13.187


seed_val:    5
 0.771,     0.896,    [     0.913],     3.849
 0.836,     0.909,    [     0.945],     5.547
 0.848,     0.910,    [     0.959],     7.312
 0.852,     0.912,    [     0.968],     8.532
 0.854,     0.914,    [     0.974],     9.282
 0.857,     0.915,    [     0.978],     9.794
 0.859,     0.915,    [     0.981],    10.175
 0.862,     0.916,    [     0.984],    10.491
 0.863,     0.917,    [     0.986],    10.751
 0.865,     0.918,    [     0.987],    10.947
 0.866,     0.919,    [     0.988],    11.151
 0.868,     0.920,    [     0.989],    11.331
 0.869,     0.921,    [     0.990],    11.476
 0.871,     0.923,    [     0.990],    11.651
 0.872,     0.923,    [     0.991],    11.809

 pctg,    rr,    α,    β
 0.600,     0.916,    [     0.991],    11.809

 pctg_inductive,    rr,    α,    β
 0.000,     0.470,    [     0.991],    11.809
 0.050,     0.798,    [     0.991],    11.809
 0.100,     0.846,    [     0.991],    11.809
 0.150,     0.872,    [     0.991],    11.809
 0.200,     0.880,    [     0.991],    11.809
 0.250,     0.890,    [     0.991],    11.809
 0.300,     0.902,    [     0.991],    11.809
 0.350,     0.905,    [     0.991],    11.809
 0.400,     0.896,    [     0.991],    11.809
 0.450,     0.902,    [     0.991],    11.809
 0.500,     0.926,    [     0.991],    11.809
 0.550,     0.918,    [     0.991],    11.809
 0.600,     0.907,    [     0.991],    11.809


seed_val:    6
 0.796,     0.884,    [     0.942],     2.353
 0.847,     0.896,    [     0.958],     4.129
 0.872,     0.906,    [     0.969],     6.361
 0.882,     0.911,    [     0.975],     8.613
 0.886,     0.912,    [     0.980],    10.345
 0.890,     0.912,    [     0.983],    11.501
 0.891,     0.911,    [     0.986],    12.161
 0.893,     0.910,    [     0.987],    12.656
 0.894,     0.910,    [     0.989],    12.995
 0.896,     0.910,    [     0.990],    13.262
 0.898,     0.910,    [     0.991],    13.505
 0.900,     0.911,    [     0.991],    13.754
 0.900,     0.909,    [     0.992],    13.922
 0.902,     0.910,    [     0.993],    14.060
 0.903,     0.911,    [     0.993],    14.281

 pctg,    rr,    α,    β
 0.600,     0.894,    [     0.993],    14.281

 pctg_inductive,    rr,    α,    β
 0.000,     0.517,    [     0.993],    14.281
 0.050,     0.823,    [     0.993],    14.281
 0.100,     0.846,    [     0.993],    14.281
 0.150,     0.877,    [     0.993],    14.281
 0.200,     0.881,    [     0.993],    14.281
 0.250,     0.896,    [     0.993],    14.281
 0.300,     0.892,    [     0.993],    14.281
 0.350,     0.906,    [     0.993],    14.281
 0.400,     0.913,    [     0.993],    14.281
 0.450,     0.923,    [     0.993],    14.281
 0.500,     0.908,    [     0.993],    14.281
 0.550,     0.927,    [     0.993],    14.281
 0.600,     0.930,    [     0.993],    14.281


seed_val:    7
 0.734,     0.889,    [     0.927],     3.254
 0.800,     0.905,    [     0.962],     4.514
 0.846,     0.918,    [     0.973],     6.114
 0.862,     0.929,    [     0.977],     7.777
 0.869,     0.934,    [     0.980],     8.918
 0.872,     0.934,    [     0.983],     9.610
 0.876,     0.935,    [     0.985],    10.083
 0.878,     0.936,    [     0.986],    10.381
 0.880,     0.935,    [     0.987],    10.630
 0.881,     0.935,    [     0.988],    10.851
 0.883,     0.935,    [     0.989],    11.066
 0.885,     0.935,    [     0.990],    11.257
 0.887,     0.935,    [     0.991],    11.466
 0.888,     0.935,    [     0.991],    11.638
 0.889,     0.935,    [     0.992],    11.788

 pctg,    rr,    α,    β
 0.600,     0.912,    [     0.992],    11.788

 pctg_inductive,    rr,    α,    β
 0.000,     0.458,    [     0.992],    11.788
 0.050,     0.724,    [     0.992],    11.788
 0.100,     0.835,    [     0.992],    11.788
 0.150,     0.876,    [     0.992],    11.788
 0.200,     0.890,    [     0.992],    11.788
 0.250,     0.899,    [     0.992],    11.788
 0.300,     0.905,    [     0.992],    11.788
 0.350,     0.921,    [     0.992],    11.788
 0.400,     0.901,    [     0.992],    11.788
 0.450,     0.917,    [     0.992],    11.788
 0.500,     0.902,    [     0.992],    11.788
 0.550,     0.919,    [     0.992],    11.788
 0.600,     0.933,    [     0.992],    11.788


seed_val:    8
 0.735,     0.842,    [     0.939],     2.362
 0.812,     0.868,    [     0.960],     3.898
 0.850,     0.884,    [     0.970],     5.985
 0.862,     0.896,    [     0.975],     8.142
 0.865,     0.898,    [     0.979],     9.798
 0.869,     0.899,    [     0.982],    10.875
 0.870,     0.899,    [     0.985],    11.561
 0.870,     0.901,    [     0.987],    11.981
 0.872,     0.901,    [     0.988],    12.289
 0.872,     0.903,    [     0.989],    12.519
 0.874,     0.903,    [     0.990],    12.764
 0.877,     0.904,    [     0.991],    12.998
 0.877,     0.904,    [     0.991],    13.191
 0.878,     0.904,    [     0.992],    13.390
 0.879,     0.905,    [     0.993],    13.491

 pctg,    rr,    α,    β
 0.600,     0.925,    [     0.993],    13.491

 pctg_inductive,    rr,    α,    β
 0.000,     0.543,    [     0.993],    13.491
 0.050,     0.809,    [     0.993],    13.491
 0.100,     0.859,    [     0.993],    13.491
 0.150,     0.869,    [     0.993],    13.491
 0.200,     0.894,    [     0.993],    13.491
 0.250,     0.892,    [     0.993],    13.491
 0.300,     0.900,    [     0.993],    13.491
 0.350,     0.922,    [     0.993],    13.491
 0.400,     0.929,    [     0.993],    13.491
 0.450,     0.924,    [     0.993],    13.491
 0.500,     0.912,    [     0.993],    13.491
 0.550,     0.913,    [     0.993],    13.491
 0.600,     0.921,    [     0.993],    13.491


seed_val:    9
 0.763,     0.818,    [     0.997],     0.146
 0.764,     0.819,    [     0.997],     0.382
 0.769,     0.822,    [     0.997],     0.951
 0.778,     0.829,    [     0.997],     2.100
 0.791,     0.838,    [     0.997],     3.856
 0.805,     0.850,    [     0.997],     5.765
 0.816,     0.860,    [     0.998],     7.340
 0.826,     0.869,    [     0.998],     8.476
 0.831,     0.874,    [     0.998],     9.276
 0.837,     0.876,    [     0.998],     9.930
 0.842,     0.877,    [     0.998],    10.456
 0.847,     0.879,    [     0.998],    10.847
 0.848,     0.876,    [     0.998],    11.147
 0.850,     0.876,    [     0.999],    11.346
 0.852,     0.876,    [     0.999],    11.496

 pctg,    rr,    α,    β
 0.600,     0.903,    [     0.999],    11.496

 pctg_inductive,    rr,    α,    β
 0.000,    -0.044,    [     0.999],    11.496
 0.050,     0.784,    [     0.999],    11.496
 0.100,     0.848,    [     0.999],    11.496
 0.150,     0.865,    [     0.999],    11.496
 0.200,     0.877,    [     0.999],    11.496
 0.250,     0.894,    [     0.999],    11.496
 0.300,     0.896,    [     0.999],    11.496
 0.350,     0.894,    [     0.999],    11.496
 0.400,     0.913,    [     0.999],    11.496
 0.450,     0.914,    [     0.999],    11.496
 0.500,     0.901,    [     0.999],    11.496
 0.550,     0.916,    [     0.999],    11.496
 0.600,     0.903,    [     0.999],    11.496


seed_val:    10
 0.729,     0.884,    [     0.938],     2.487
 0.812,     0.900,    [     0.960],     4.020
 0.841,     0.899,    [     0.970],     6.005
 0.856,     0.901,    [     0.976],     7.792
 0.862,     0.903,    [     0.980],     9.097
 0.868,     0.904,    [     0.983],    10.021
 0.871,     0.906,    [     0.986],    10.738
 0.874,     0.907,    [     0.987],    11.251
 0.876,     0.908,    [     0.988],    11.580
 0.880,     0.910,    [     0.989],    11.875
 0.882,     0.909,    [     0.990],    12.119
 0.883,     0.910,    [     0.991],    12.312
 0.884,     0.910,    [     0.992],    12.501
 0.885,     0.910,    [     0.992],    12.683
 0.887,     0.909,    [     0.993],    12.890

 pctg,    rr,    α,    β
 0.600,     0.892,    [     0.993],    12.890

 pctg_inductive,    rr,    α,    β
 0.000,     0.471,    [     0.993],    12.890
 0.050,     0.800,    [     0.993],    12.890
 0.100,     0.847,    [     0.993],    12.890
 0.150,     0.876,    [     0.993],    12.890
 0.200,     0.887,    [     0.993],    12.890
 0.250,     0.892,    [     0.993],    12.890
 0.300,     0.892,    [     0.993],    12.890
 0.350,     0.912,    [     0.993],    12.890
 0.400,     0.910,    [     0.993],    12.890
 0.450,     0.931,    [     0.993],    12.890
 0.500,     0.929,    [     0.993],    12.890
 0.550,     0.915,    [     0.993],    12.890
 0.600,     0.922,    [     0.993],    12.890

 trans: climate_2007_precipitation,     0.909 ±  0.011
 α, β: [     0.993] ± [     0.002], 12.747 ±  0.878
 ind: climate_2008_precipitation,    [     0.436,      0.795,      0.849,      0.874,      0.889,      0.897,      0.900,      0.911,      0.913,      0.918,      0.916,      0.920,      0.923] ± [     0.171,      0.029,      0.007,      0.005,      0.007,      0.005,      0.009,      0.010,      0.010,      0.008,      0.010,      0.007,      0.010]


seed_val:    1
 0.896,     0.953,    [     0.860],     7.603
 0.928,     0.963,    [     0.923],    11.059
 0.940,     0.968,    [     0.953],    15.027
 0.948,     0.971,    [     0.969],    18.879
 0.952,     0.972,    [     0.979],    22.035
 0.955,     0.973,    [     0.984],    24.788
 0.957,     0.974,    [     0.987],    26.709
 0.958,     0.975,    [     0.990],    28.347
 0.960,     0.975,    [     0.991],    29.766
 0.961,     0.976,    [     0.993],    31.174
 0.962,     0.976,    [     0.993],    31.929
 0.963,     0.975,    [     0.994],    32.675
 0.963,     0.975,    [     0.995],    33.182
 0.964,     0.974,    [     0.995],    33.718
 0.964,     0.975,    [     0.996],    34.272

 pctg,    rr,    α,    β
 0.600,     0.972,    [     0.996],    34.272

 pctg_inductive,    rr,    α,    β
 0.000,     0.801,    [     0.996],    34.272
 0.050,     0.930,    [     0.996],    34.272
 0.100,     0.945,    [     0.996],    34.272
 0.150,     0.952,    [     0.996],    34.272
 0.200,     0.955,    [     0.996],    34.272
 0.250,     0.965,    [     0.996],    34.272
 0.300,     0.972,    [     0.996],    34.272
 0.350,     0.970,    [     0.996],    34.272
 0.400,     0.967,    [     0.996],    34.272
 0.450,     0.974,    [     0.996],    34.272
 0.500,     0.973,    [     0.996],    34.272
 0.550,     0.977,    [     0.996],    34.272
 0.600,     0.969,    [     0.996],    34.272


seed_val:    2
 0.889,     0.953,    [     0.925],     4.458
 0.917,     0.956,    [     0.946],     7.916
 0.931,     0.960,    [     0.961],    12.102
 0.941,     0.964,    [     0.972],    16.465
 0.945,     0.966,    [     0.979],    20.336
 0.951,     0.968,    [     0.984],    23.173
 0.954,     0.971,    [     0.987],    25.472
 0.956,     0.973,    [     0.989],    27.418
 0.958,     0.974,    [     0.990],    28.898
 0.959,     0.975,    [     0.991],    30.250
 0.959,     0.974,    [     0.992],    31.145
 0.961,     0.974,    [     0.993],    31.868
 0.960,     0.973,    [     0.993],    32.202
 0.962,     0.974,    [     0.994],    32.685
 0.962,     0.973,    [     0.994],    33.139

 pctg,    rr,    α,    β
 0.600,     0.971,    [     0.994],    33.139

 pctg_inductive,    rr,    α,    β
 0.000,     0.820,    [     0.994],    33.139
 0.050,     0.914,    [     0.994],    33.139
 0.100,     0.937,    [     0.994],    33.139
 0.150,     0.952,    [     0.994],    33.139
 0.200,     0.958,    [     0.994],    33.139
 0.250,     0.962,    [     0.994],    33.139
 0.300,     0.963,    [     0.994],    33.139
 0.350,     0.967,    [     0.994],    33.139
 0.400,     0.970,    [     0.994],    33.139
 0.450,     0.969,    [     0.994],    33.139
 0.500,     0.969,    [     0.994],    33.139
 0.550,     0.975,    [     0.994],    33.139
 0.600,     0.977,    [     0.994],    33.139


seed_val:    3
 0.891,     0.933,    [     0.995],     0.258
 0.894,     0.934,    [     0.995],     0.677
 0.902,     0.938,    [     0.995],     1.675
 0.931,     0.954,    [     0.995],     3.795
 0.944,     0.968,    [     0.995],     8.006
 0.950,     0.970,    [     0.996],    14.487
 0.954,     0.970,    [     0.996],    21.403
 0.956,     0.971,    [     0.996],    26.570
 0.957,     0.971,    [     0.996],    29.769
 0.958,     0.972,    [     0.997],    31.640
 0.960,     0.972,    [     0.997],    32.928
 0.959,     0.973,    [     0.997],    33.736
 0.959,     0.973,    [     0.997],    34.286
 0.960,     0.974,    [     0.997],    34.728
 0.961,     0.974,    [     0.997],    35.163

 pctg,    rr,    α,    β
 0.600,     0.973,    [     0.997],    35.163

 pctg_inductive,    rr,    α,    β
 0.000,     0.826,    [     0.997],    35.163
 0.050,     0.923,    [     0.997],    35.163
 0.100,     0.943,    [     0.997],    35.163
 0.150,     0.958,    [     0.997],    35.163
 0.200,     0.962,    [     0.997],    35.163
 0.250,     0.965,    [     0.997],    35.163
 0.300,     0.965,    [     0.997],    35.163
 0.350,     0.970,    [     0.997],    35.163
 0.400,     0.968,    [     0.997],    35.163
 0.450,     0.971,    [     0.997],    35.163
 0.500,     0.973,    [     0.997],    35.163
 0.550,     0.975,    [     0.997],    35.163
 0.600,     0.975,    [     0.997],    35.163


seed_val:    4
 0.881,     0.946,    [     0.922],     4.587
 0.920,     0.954,    [     0.949],     8.023
 0.935,     0.963,    [     0.962],    12.646
 0.943,     0.969,    [     0.973],    17.382
 0.951,     0.971,    [     0.980],    21.583
 0.955,     0.972,    [     0.984],    24.750
 0.956,     0.971,    [     0.987],    27.001
 0.958,     0.971,    [     0.989],    28.410
 0.958,     0.970,    [     0.990],    29.506
 0.958,     0.970,    [     0.991],    30.215
 0.959,     0.970,    [     0.992],    31.079
 0.959,     0.969,    [     0.993],    31.709
 0.961,     0.971,    [     0.993],    32.362
 0.959,     0.970,    [     0.994],    32.720
 0.960,     0.970,    [     0.994],    32.991

 pctg,    rr,    α,    β
 0.600,     0.973,    [     0.994],    32.991

 pctg_inductive,    rr,    α,    β
 0.000,     0.854,    [     0.994],    32.991
 0.050,     0.916,    [     0.994],    32.991
 0.100,     0.951,    [     0.994],    32.991
 0.150,     0.958,    [     0.994],    32.991
 0.200,     0.962,    [     0.994],    32.991
 0.250,     0.965,    [     0.994],    32.991
 0.300,     0.968,    [     0.994],    32.991
 0.350,     0.968,    [     0.994],    32.991
 0.400,     0.972,    [     0.994],    32.991
 0.450,     0.973,    [     0.994],    32.991
 0.500,     0.972,    [     0.994],    32.991
 0.550,     0.974,    [     0.994],    32.991
 0.600,     0.976,    [     0.994],    32.991


seed_val:    5
 0.896,     0.952,    [     0.887],     5.761
 0.931,     0.959,    [     0.929],     9.603
 0.942,     0.962,    [     0.955],    14.358
 0.950,     0.964,    [     0.970],    19.124
 0.955,     0.967,    [     0.979],    23.613
 0.957,     0.967,    [     0.985],    27.020
 0.958,     0.968,    [     0.988],    29.317
 0.958,     0.967,    [     0.990],    30.818
 0.959,     0.968,    [     0.992],    32.143
 0.959,     0.968,    [     0.993],    32.911
 0.959,     0.968,    [     0.994],    33.588
 0.959,     0.967,    [     0.994],    33.951
 0.960,     0.967,    [     0.995],    34.288
 0.960,     0.967,    [     0.995],    34.672
 0.960,     0.967,    [     0.996],    35.062

 pctg,    rr,    α,    β
 0.600,     0.971,    [     0.996],    35.062

 pctg_inductive,    rr,    α,    β
 0.000,     0.793,    [     0.996],    35.062
 0.050,     0.918,    [     0.996],    35.062
 0.100,     0.937,    [     0.996],    35.062
 0.150,     0.950,    [     0.996],    35.062
 0.200,     0.957,    [     0.996],    35.062
 0.250,     0.960,    [     0.996],    35.062
 0.300,     0.966,    [     0.996],    35.062
 0.350,     0.964,    [     0.996],    35.062
 0.400,     0.971,    [     0.996],    35.062
 0.450,     0.970,    [     0.996],    35.062
 0.500,     0.972,    [     0.996],    35.062
 0.550,     0.973,    [     0.996],    35.062
 0.600,     0.970,    [     0.996],    35.062


seed_val:    6
 0.882,     0.938,    [     0.972],     1.253
 0.937,     0.957,    [     0.974],     2.960
 0.939,     0.961,    [     0.976],     6.417
 0.944,     0.964,    [     0.979],    11.720
 0.949,     0.965,    [     0.983],    17.655
 0.953,     0.965,    [     0.987],    22.733
 0.955,     0.965,    [     0.989],    26.343
 0.958,     0.966,    [     0.991],    28.959
 0.959,     0.967,    [     0.992],    30.939
 0.960,     0.968,    [     0.993],    32.148
 0.961,     0.969,    [     0.994],    33.397
 0.962,     0.967,    [     0.995],    34.241
 0.964,     0.968,    [     0.995],    35.188
 0.965,     0.969,    [     0.996],    36.268
 0.965,     0.968,    [     0.996],    37.348

 pctg,    rr,    α,    β
 0.600,     0.969,    [     0.996],    37.348

 pctg_inductive,    rr,    α,    β
 0.000,     0.784,    [     0.996],    37.348
 0.050,     0.921,    [     0.996],    37.348
 0.100,     0.946,    [     0.996],    37.348
 0.150,     0.955,    [     0.996],    37.348
 0.200,     0.962,    [     0.996],    37.348
 0.250,     0.967,    [     0.996],    37.348
 0.300,     0.970,    [     0.996],    37.348
 0.350,     0.971,    [     0.996],    37.348
 0.400,     0.973,    [     0.996],    37.348
 0.450,     0.975,    [     0.996],    37.348
 0.500,     0.972,    [     0.996],    37.348
 0.550,     0.978,    [     0.996],    37.348
 0.600,     0.979,    [     0.996],    37.348


seed_val:    7
 0.903,     0.967,    [     0.923],     4.265
 0.934,     0.975,    [     0.944],     7.859
 0.946,     0.981,    [     0.960],    12.919
 0.951,     0.982,    [     0.971],    18.344
 0.954,     0.983,    [     0.979],    22.913
 0.956,     0.984,    [     0.984],    26.274
 0.957,     0.984,    [     0.987],    28.272
 0.958,     0.984,    [     0.989],    29.904
 0.958,     0.983,    [     0.991],    30.926
 0.958,     0.983,    [     0.992],    31.470
 0.959,     0.983,    [     0.993],    32.283
 0.960,     0.983,    [     0.994],    32.998
 0.959,     0.983,    [     0.994],    33.399
 0.959,     0.982,    [     0.994],    33.607
 0.960,     0.982,    [     0.995],    33.887

 pctg,    rr,    α,    β
 0.600,     0.967,    [     0.995],    33.887

 pctg_inductive,    rr,    α,    β
 0.000,     0.808,    [     0.995],    33.887
 0.050,     0.933,    [     0.995],    33.887
 0.100,     0.947,    [     0.995],    33.887
 0.150,     0.957,    [     0.995],    33.887
 0.200,     0.961,    [     0.995],    33.887
 0.250,     0.964,    [     0.995],    33.887
 0.300,     0.969,    [     0.995],    33.887
 0.350,     0.972,    [     0.995],    33.887
 0.400,     0.972,    [     0.995],    33.887
 0.450,     0.974,    [     0.995],    33.887
 0.500,     0.972,    [     0.995],    33.887
 0.550,     0.974,    [     0.995],    33.887
 0.600,     0.972,    [     0.995],    33.887


seed_val:    8
 0.889,     0.957,    [     0.905],     6.115
 0.924,     0.964,    [     0.937],    10.143
 0.939,     0.968,    [     0.959],    15.032
 0.946,     0.970,    [     0.972],    19.886
 0.951,     0.970,    [     0.980],    23.851
 0.954,     0.971,    [     0.985],    26.880
 0.955,     0.971,    [     0.988],    29.151
 0.955,     0.971,    [     0.990],    30.509
 0.955,     0.971,    [     0.991],    31.362
 0.957,     0.971,    [     0.992],    32.188
 0.957,     0.970,    [     0.993],    32.706
 0.957,     0.970,    [     0.994],    32.989
 0.958,     0.968,    [     0.994],    33.491
 0.958,     0.970,    [     0.995],    33.715
 0.957,     0.968,    [     0.995],    33.963

 pctg,    rr,    α,    β
 0.600,     0.972,    [     0.995],    33.963

 pctg_inductive,    rr,    α,    β
 0.000,     0.780,    [     0.995],    33.963
 0.050,     0.919,    [     0.995],    33.963
 0.100,     0.947,    [     0.995],    33.963
 0.150,     0.950,    [     0.995],    33.963
 0.200,     0.952,    [     0.995],    33.963
 0.250,     0.963,    [     0.995],    33.963
 0.300,     0.965,    [     0.995],    33.963
 0.350,     0.969,    [     0.995],    33.963
 0.400,     0.970,    [     0.995],    33.963
 0.450,     0.969,    [     0.995],    33.963
 0.500,     0.971,    [     0.995],    33.963
 0.550,     0.972,    [     0.995],    33.963
 0.600,     0.972,    [     0.995],    33.963


seed_val:    9
 0.898,     0.940,    [     0.979],     0.880
 0.909,     0.947,    [     0.981],     2.110
 0.922,     0.958,    [     0.984],     4.593
 0.935,     0.969,    [     0.986],     8.986
 0.942,     0.972,    [     0.988],    14.980
 0.948,     0.974,    [     0.990],    20.791
 0.949,     0.975,    [     0.991],    25.011
 0.952,     0.975,    [     0.992],    27.762
 0.952,     0.975,    [     0.993],    29.622
 0.953,     0.975,    [     0.994],    30.754
 0.954,     0.975,    [     0.995],    31.846
 0.955,     0.975,    [     0.995],    32.814
 0.955,     0.975,    [     0.996],    33.630
 0.955,     0.975,    [     0.996],    34.049
 0.955,     0.974,    [     0.996],    34.319

 pctg,    rr,    α,    β
 0.600,     0.975,    [     0.996],    34.319

 pctg_inductive,    rr,    α,    β
 0.000,     0.802,    [     0.996],    34.319
 0.050,     0.919,    [     0.996],    34.319
 0.100,     0.947,    [     0.996],    34.319
 0.150,     0.958,    [     0.996],    34.319
 0.200,     0.958,    [     0.996],    34.319
 0.250,     0.965,    [     0.996],    34.319
 0.300,     0.966,    [     0.996],    34.319
 0.350,     0.970,    [     0.996],    34.319
 0.400,     0.971,    [     0.996],    34.319
 0.450,     0.975,    [     0.996],    34.319
 0.500,     0.974,    [     0.996],    34.319
 0.550,     0.976,    [     0.996],    34.319
 0.600,     0.972,    [     0.996],    34.319


seed_val:    10
 0.875,     0.949,    [     0.933],     3.747
 0.930,     0.962,    [     0.959],     7.003
 0.938,     0.965,    [     0.969],    12.286
 0.944,     0.966,    [     0.977],    18.327
 0.950,     0.968,    [     0.983],    23.378
 0.952,     0.970,    [     0.987],    26.933
 0.955,     0.971,    [     0.989],    29.544
 0.955,     0.971,    [     0.991],    31.363
 0.957,     0.972,    [     0.993],    32.845
 0.958,     0.972,    [     0.994],    34.111
 0.959,     0.972,    [     0.994],    34.940
 0.959,     0.972,    [     0.995],    35.444
 0.959,     0.972,    [     0.995],    36.033
 0.960,     0.973,    [     0.996],    36.481
 0.959,     0.972,    [     0.996],    36.711

 pctg,    rr,    α,    β
 0.600,     0.974,    [     0.996],    36.711

 pctg_inductive,    rr,    α,    β
 0.000,     0.821,    [     0.996],    36.711
 0.050,     0.929,    [     0.996],    36.711
 0.100,     0.951,    [     0.996],    36.711
 0.150,     0.954,    [     0.996],    36.711
 0.200,     0.962,    [     0.996],    36.711
 0.250,     0.968,    [     0.996],    36.711
 0.300,     0.969,    [     0.996],    36.711
 0.350,     0.969,    [     0.996],    36.711
 0.400,     0.969,    [     0.996],    36.711
 0.450,     0.972,    [     0.996],    36.711
 0.500,     0.973,    [     0.996],    36.711
 0.550,     0.976,    [     0.996],    36.711
 0.600,     0.978,    [     0.996],    36.711

 trans: climate_2007_sunlight,     0.972 ±  0.002
 α, β: [     0.996] ± [     0.001], 34.685 ±  1.426
 ind: climate_2008_sunlight,    [     0.809,      0.922,      0.945,      0.954,      0.959,      0.964,      0.967,      0.969,      0.970,      0.972,      0.972,      0.975,      0.974] ± [     0.022,      0.007,      0.005,      0.003,      0.003,      0.002,      0.003,      0.002,      0.002,      0.002,      0.002,      0.002,      0.003]


seed_val:    1
 0.861,     0.944,    [     0.939],     4.271
 0.913,     0.954,    [     0.968],     7.025
 0.931,     0.962,    [     0.981],    10.601
 0.939,     0.968,    [     0.987],    14.413
 0.944,     0.970,    [     0.991],    17.735
 0.949,     0.972,    [     0.993],    20.592
 0.953,     0.974,    [     0.995],    22.946
 0.955,     0.974,    [     0.996],    24.755
 0.957,     0.973,    [     0.996],    26.215
 0.959,     0.973,    [     0.997],    27.351
 0.959,     0.973,    [     0.997],    28.153
 0.960,     0.973,    [     0.998],    28.956
 0.960,     0.972,    [     0.998],    29.287
 0.961,     0.972,    [     0.998],    29.657
 0.962,     0.971,    [     0.998],    29.987

 pctg,    rr,    α,    β
 0.600,     0.974,    [     0.998],    29.987

 pctg_inductive,    rr,    α,    β
 0.000,     0.384,    [     0.998],    29.987
 0.050,     0.854,    [     0.998],    29.987
 0.100,     0.922,    [     0.998],    29.987
 0.150,     0.931,    [     0.998],    29.987
 0.200,     0.944,    [     0.998],    29.987
 0.250,     0.958,    [     0.998],    29.987
 0.300,     0.960,    [     0.998],    29.987
 0.350,     0.965,    [     0.998],    29.987
 0.400,     0.973,    [     0.998],    29.987
 0.450,     0.973,    [     0.998],    29.987
 0.500,     0.970,    [     0.998],    29.987
 0.550,     0.975,    [     0.998],    29.987
 0.600,     0.978,    [     0.998],    29.987


seed_val:    2
 0.883,     0.955,    [     0.943],     4.391
 0.931,     0.963,    [     0.972],     7.445
 0.936,     0.963,    [     0.982],    11.452
 0.944,     0.966,    [     0.988],    15.204
 0.943,     0.968,    [     0.991],    18.287
 0.948,     0.968,    [     0.994],    20.573
 0.950,     0.969,    [     0.995],    22.316
 0.950,     0.969,    [     0.996],    23.654
 0.952,     0.969,    [     0.996],    24.743
 0.953,     0.969,    [     0.997],    25.637
 0.954,     0.968,    [     0.997],    26.271
 0.954,     0.968,    [     0.998],    26.843
 0.954,     0.967,    [     0.998],    27.407
 0.954,     0.966,    [     0.998],    27.698
 0.954,     0.966,    [     0.998],    28.046

 pctg,    rr,    α,    β
 0.600,     0.964,    [     0.998],    28.046

 pctg_inductive,    rr,    α,    β
 0.000,     0.329,    [     0.998],    28.046
 0.050,     0.828,    [     0.998],    28.046
 0.100,     0.897,    [     0.998],    28.046
 0.150,     0.922,    [     0.998],    28.046
 0.200,     0.932,    [     0.998],    28.046
 0.250,     0.947,    [     0.998],    28.046
 0.300,     0.954,    [     0.998],    28.046
 0.350,     0.961,    [     0.998],    28.046
 0.400,     0.966,    [     0.998],    28.046
 0.450,     0.964,    [     0.998],    28.046
 0.500,     0.963,    [     0.998],    28.046
 0.550,     0.969,    [     0.998],    28.046
 0.600,     0.971,    [     0.998],    28.046


seed_val:    3
 0.875,     0.951,    [     0.961],     1.744
 0.914,     0.959,    [     0.972],     3.681
 0.934,     0.964,    [     0.982],     6.884
 0.944,     0.968,    [     0.989],    11.193
 0.945,     0.971,    [     0.992],    15.690
 0.947,     0.972,    [     0.995],    19.338
 0.949,     0.972,    [     0.996],    21.822
 0.951,     0.973,    [     0.997],    23.678
 0.953,     0.974,    [     0.997],    25.165
 0.953,     0.974,    [     0.998],    26.267
 0.954,     0.974,    [     0.998],    27.218
 0.955,     0.974,    [     0.998],    28.025
 0.955,     0.975,    [     0.998],    28.570
 0.956,     0.975,    [     0.999],    29.039
 0.957,     0.975,    [     0.999],    29.422

 pctg,    rr,    α,    β
 0.600,     0.977,    [     0.999],    29.422

 pctg_inductive,    rr,    α,    β
 0.000,     0.314,    [     0.999],    29.422
 0.050,     0.878,    [     0.999],    29.422
 0.100,     0.921,    [     0.999],    29.422
 0.150,     0.948,    [     0.999],    29.422
 0.200,     0.949,    [     0.999],    29.422
 0.250,     0.964,    [     0.999],    29.422
 0.300,     0.957,    [     0.999],    29.422
 0.350,     0.970,    [     0.999],    29.422
 0.400,     0.972,    [     0.999],    29.422
 0.450,     0.977,    [     0.999],    29.422
 0.500,     0.977,    [     0.999],    29.422
 0.550,     0.976,    [     0.999],    29.422
 0.600,     0.976,    [     0.999],    29.422


seed_val:    4
 0.849,     0.958,    [     0.949],     2.844
 0.910,     0.967,    [     0.973],     5.241
 0.930,     0.972,    [     0.983],     8.956
 0.934,     0.976,    [     0.989],    13.132
 0.938,     0.976,    [     0.992],    16.485
 0.940,     0.976,    [     0.994],    18.662
 0.944,     0.977,    [     0.995],    20.369
 0.946,     0.978,    [     0.996],    21.744
 0.947,     0.978,    [     0.996],    22.887
 0.948,     0.978,    [     0.997],    23.700
 0.950,     0.977,    [     0.997],    24.265
 0.950,     0.978,    [     0.997],    24.978
 0.950,     0.977,    [     0.998],    25.473
 0.952,     0.977,    [     0.998],    25.924
 0.954,     0.977,    [     0.998],    26.411

 pctg,    rr,    α,    β
 0.600,     0.981,    [     0.998],    26.411

 pctg_inductive,    rr,    α,    β
 0.000,     0.345,    [     0.998],    26.411
 0.050,     0.816,    [     0.998],    26.411
 0.100,     0.909,    [     0.998],    26.411
 0.150,     0.938,    [     0.998],    26.411
 0.200,     0.947,    [     0.998],    26.411
 0.250,     0.955,    [     0.998],    26.411
 0.300,     0.954,    [     0.998],    26.411
 0.350,     0.971,    [     0.998],    26.411
 0.400,     0.962,    [     0.998],    26.411
 0.450,     0.971,    [     0.998],    26.411
 0.500,     0.972,    [     0.998],    26.411
 0.550,     0.973,    [     0.998],    26.411
 0.600,     0.978,    [     0.998],    26.411


seed_val:    5
 0.857,     0.960,    [     0.955],     2.025
 0.903,     0.969,    [     0.970],     4.136
 0.923,     0.972,    [     0.981],     7.484
 0.930,     0.973,    [     0.987],    11.518
 0.936,     0.973,    [     0.991],    15.241
 0.940,     0.975,    [     0.994],    18.180
 0.944,     0.975,    [     0.995],    20.421
 0.947,     0.976,    [     0.996],    22.153
 0.949,     0.977,    [     0.997],    23.640
 0.953,     0.978,    [     0.997],    24.873
 0.953,     0.978,    [     0.998],    25.792
 0.955,     0.978,    [     0.998],    26.658
 0.955,     0.978,    [     0.998],    27.240
 0.957,     0.979,    [     0.998],    27.725
 0.958,     0.979,    [     0.998],    28.393

 pctg,    rr,    α,    β
 0.600,     0.980,    [     0.998],    28.393

 pctg_inductive,    rr,    α,    β
 0.000,     0.327,    [     0.998],    28.393
 0.050,     0.862,    [     0.998],    28.393
 0.100,     0.910,    [     0.998],    28.393
 0.150,     0.933,    [     0.998],    28.393
 0.200,     0.944,    [     0.998],    28.393
 0.250,     0.950,    [     0.998],    28.393
 0.300,     0.959,    [     0.998],    28.393
 0.350,     0.969,    [     0.998],    28.393
 0.400,     0.968,    [     0.998],    28.393
 0.450,     0.973,    [     0.998],    28.393
 0.500,     0.974,    [     0.998],    28.393
 0.550,     0.974,    [     0.998],    28.393
 0.600,     0.974,    [     0.998],    28.393


seed_val:    6
 0.880,     0.954,    [     0.971],     1.253
 0.921,     0.968,    [     0.976],     2.871
 0.929,     0.970,    [     0.981],     5.887
 0.934,     0.972,    [     0.986],    10.156
 0.938,     0.974,    [     0.990],    14.756
 0.943,     0.977,    [     0.993],    18.738
 0.948,     0.978,    [     0.995],    21.894
 0.949,     0.978,    [     0.996],    24.307
 0.952,     0.978,    [     0.996],    26.106
 0.955,     0.977,    [     0.997],    27.441
 0.956,     0.976,    [     0.997],    28.567
 0.958,     0.976,    [     0.998],    29.451
 0.959,     0.975,    [     0.998],    29.963
 0.958,     0.976,    [     0.998],    30.280
 0.958,     0.975,    [     0.998],    30.424

 pctg,    rr,    α,    β
 0.600,     0.969,    [     0.998],    30.424

 pctg_inductive,    rr,    α,    β
 0.000,     0.287,    [     0.998],    30.424
 0.050,     0.871,    [     0.998],    30.424
 0.100,     0.905,    [     0.998],    30.424
 0.150,     0.930,    [     0.998],    30.424
 0.200,     0.950,    [     0.998],    30.424
 0.250,     0.956,    [     0.998],    30.424
 0.300,     0.953,    [     0.998],    30.424
 0.350,     0.963,    [     0.998],    30.424
 0.400,     0.964,    [     0.998],    30.424
 0.450,     0.971,    [     0.998],    30.424
 0.500,     0.972,    [     0.998],    30.424
 0.550,     0.968,    [     0.998],    30.424
 0.600,     0.973,    [     0.998],    30.424


seed_val:    7
 0.859,     0.961,    [     0.944],     4.419
 0.915,     0.974,    [     0.974],     7.387
 0.923,     0.978,    [     0.984],    11.635
 0.932,     0.978,    [     0.989],    15.710
 0.936,     0.979,    [     0.992],    18.893
 0.941,     0.978,    [     0.994],    21.481
 0.946,     0.978,    [     0.995],    23.412
 0.948,     0.977,    [     0.996],    24.910
 0.948,     0.978,    [     0.996],    26.052
 0.951,     0.976,    [     0.997],    26.836
 0.951,     0.976,    [     0.997],    27.432
 0.952,     0.974,    [     0.998],    27.943
 0.953,     0.975,    [     0.998],    28.432
 0.954,     0.975,    [     0.998],    29.123
 0.956,     0.973,    [     0.998],    29.644

 pctg,    rr,    α,    β
 0.600,     0.974,    [     0.998],    29.644

 pctg_inductive,    rr,    α,    β
 0.000,     0.286,    [     0.998],    29.644
 0.050,     0.811,    [     0.998],    29.644
 0.100,     0.900,    [     0.998],    29.644
 0.150,     0.928,    [     0.998],    29.644
 0.200,     0.940,    [     0.998],    29.644
 0.250,     0.952,    [     0.998],    29.644
 0.300,     0.954,    [     0.998],    29.644
 0.350,     0.959,    [     0.998],    29.644
 0.400,     0.964,    [     0.998],    29.644
 0.450,     0.967,    [     0.998],    29.644
 0.500,     0.962,    [     0.998],    29.644
 0.550,     0.974,    [     0.998],    29.644
 0.600,     0.972,    [     0.998],    29.644


seed_val:    8
 0.860,     0.956,    [     0.938],     4.622
 0.909,     0.965,    [     0.969],     7.697
 0.919,     0.968,    [     0.981],    11.768
 0.930,     0.972,    [     0.987],    15.802
 0.935,     0.974,    [     0.991],    19.326
 0.938,     0.975,    [     0.993],    21.967
 0.942,     0.975,    [     0.995],    24.076
 0.944,     0.976,    [     0.996],    25.698
 0.947,     0.977,    [     0.996],    27.107
 0.949,     0.976,    [     0.997],    28.167
 0.949,     0.977,    [     0.997],    29.128
 0.951,     0.977,    [     0.998],    29.979
 0.951,     0.977,    [     0.998],    30.565
 0.952,     0.977,    [     0.998],    31.244
 0.953,     0.977,    [     0.998],    31.713

 pctg,    rr,    α,    β
 0.600,     0.978,    [     0.998],    31.713

 pctg_inductive,    rr,    α,    β
 0.000,     0.369,    [     0.998],    31.713
 0.050,     0.875,    [     0.998],    31.713
 0.100,     0.927,    [     0.998],    31.713
 0.150,     0.940,    [     0.998],    31.713
 0.200,     0.950,    [     0.998],    31.713
 0.250,     0.963,    [     0.998],    31.713
 0.300,     0.961,    [     0.998],    31.713
 0.350,     0.969,    [     0.998],    31.713
 0.400,     0.970,    [     0.998],    31.713
 0.450,     0.972,    [     0.998],    31.713
 0.500,     0.974,    [     0.998],    31.713
 0.550,     0.976,    [     0.998],    31.713
 0.600,     0.977,    [     0.998],    31.713


seed_val:    9
 0.899,     0.917,    [     1.000],     0.024
 0.899,     0.917,    [     1.000],     0.064
 0.900,     0.917,    [     1.000],     0.174
 0.901,     0.918,    [     1.000],     0.461
 0.903,     0.919,    [     1.000],     1.178
 0.909,     0.923,    [     1.000],     2.779
 0.919,     0.932,    [     1.000],     5.665
 0.931,     0.944,    [     1.000],     9.664
 0.945,     0.957,    [     1.000],    14.319
 0.951,     0.964,    [     1.000],    19.105
 0.953,     0.966,    [     1.000],    22.975
 0.955,     0.968,    [     1.000],    25.300
 0.956,     0.967,    [     1.000],    26.530
 0.955,     0.967,    [     1.000],    27.026
 0.954,     0.966,    [     1.000],    27.255

 pctg,    rr,    α,    β
 0.600,     0.970,    [     1.000],    27.255

 pctg_inductive,    rr,    α,    β
 0.000,     0.069,    [     1.000],    27.255
 0.050,     0.831,    [     1.000],    27.255
 0.100,     0.922,    [     1.000],    27.255
 0.150,     0.940,    [     1.000],    27.255
 0.200,     0.947,    [     1.000],    27.255
 0.250,     0.957,    [     1.000],    27.255
 0.300,     0.952,    [     1.000],    27.255
 0.350,     0.965,    [     1.000],    27.255
 0.400,     0.965,    [     1.000],    27.255
 0.450,     0.970,    [     1.000],    27.255
 0.500,     0.969,    [     1.000],    27.255
 0.550,     0.964,    [     1.000],    27.255
 0.600,     0.969,    [     1.000],    27.255


seed_val:    10
 0.882,     0.956,    [     0.941],     4.592
 0.933,     0.968,    [     0.970],     7.698
 0.941,     0.970,    [     0.982],    11.938
 0.944,     0.971,    [     0.988],    15.985
 0.948,     0.973,    [     0.991],    19.235
 0.950,     0.973,    [     0.993],    21.419
 0.952,     0.974,    [     0.995],    23.079
 0.953,     0.974,    [     0.996],    24.293
 0.954,     0.974,    [     0.996],    25.465
 0.955,     0.975,    [     0.997],    26.367
 0.956,     0.975,    [     0.997],    26.915
 0.956,     0.975,    [     0.998],    27.367
 0.957,     0.975,    [     0.998],    27.730
 0.957,     0.974,    [     0.998],    28.132
 0.958,     0.975,    [     0.998],    28.468

 pctg,    rr,    α,    β
 0.600,     0.973,    [     0.998],    28.468

 pctg_inductive,    rr,    α,    β
 0.000,     0.349,    [     0.998],    28.468
 0.050,     0.824,    [     0.998],    28.468
 0.100,     0.900,    [     0.998],    28.468
 0.150,     0.936,    [     0.998],    28.468
 0.200,     0.945,    [     0.998],    28.468
 0.250,     0.957,    [     0.998],    28.468
 0.300,     0.964,    [     0.998],    28.468
 0.350,     0.966,    [     0.998],    28.468
 0.400,     0.971,    [     0.998],    28.468
 0.450,     0.971,    [     0.998],    28.468
 0.500,     0.971,    [     0.998],    28.468
 0.550,     0.973,    [     0.998],    28.468
 0.600,     0.973,    [     0.998],    28.468

 trans: climate_2007_pm2.5,     0.974 ±  0.005
 α, β: [     0.998] ± [     0.001], 28.976 ±  1.573
 ind: climate_2008_pm2.5,    [     0.306,      0.845,      0.911,      0.935,      0.945,      0.956,      0.957,      0.966,      0.968,      0.971,      0.970,      0.972,      0.974] ± [     0.089,      0.026,      0.011,      0.007,      0.005,      0.005,      0.004,      0.004,      0.004,      0.003,      0.005,      0.004,      0.003]