seed_val:    1
 0.911,     0.959,    [     0.908],     6.230
 0.951,     0.967,    [     0.926],    11.352
 0.960,     0.970,    [     0.934],    19.010
 0.964,     0.971,    [     0.945],    26.909
 0.967,     0.972,    [     0.955],    33.373
 0.969,     0.974,    [     0.963],    38.163
 0.970,     0.973,    [     0.969],    41.729
 0.972,     0.974,    [     0.974],    44.516
 0.972,     0.974,    [     0.977],    46.247
 0.973,     0.975,    [     0.980],    47.927
 0.973,     0.974,    [     0.982],    48.918
 0.974,     0.975,    [     0.983],    50.202
 0.975,     0.976,    [     0.985],    51.200
 0.975,     0.976,    [     0.986],    52.411
 0.975,     0.975,    [     0.987],    53.297

 pctg,    rr,    α,    β
 0.600,     0.982,    [     0.987],    53.297


seed_val:    2
 0.902,     0.961,    [     0.930],     5.510
 0.946,     0.970,    [     0.967],     9.504
 0.962,     0.975,    [     0.978],    16.409
 0.964,     0.978,    [     0.978],    25.565
 0.967,     0.979,    [     0.980],    33.756
 0.970,     0.980,    [     0.981],    39.645
 0.970,     0.982,    [     0.983],    43.276
 0.971,     0.981,    [     0.984],    45.992
 0.973,     0.982,    [     0.985],    47.823
 0.973,     0.982,    [     0.986],    49.312
 0.973,     0.981,    [     0.987],    50.360
 0.974,     0.983,    [     0.988],    52.027
 0.975,     0.983,    [     0.988],    53.015
 0.975,     0.982,    [     0.989],    54.420
 0.976,     0.983,    [     0.989],    55.699

 pctg,    rr,    α,    β
 0.600,     0.977,    [     0.989],    55.699


seed_val:    3
 0.864,     0.944,    [     0.937],     3.544
 0.943,     0.967,    [     0.954],     6.843
 0.961,     0.973,    [     0.955],    13.498
 0.964,     0.974,    [     0.957],    22.608
 0.966,     0.975,    [     0.961],    31.459
 0.967,     0.975,    [     0.967],    38.212
 0.969,     0.976,    [     0.971],    42.853
 0.970,     0.976,    [     0.975],    46.170
 0.971,     0.976,    [     0.978],    48.460
 0.971,     0.975,    [     0.980],    49.785
 0.971,     0.976,    [     0.982],    50.804
 0.972,     0.977,    [     0.983],    52.119
 0.972,     0.976,    [     0.985],    53.167
 0.973,     0.977,    [     0.986],    53.989
 0.973,     0.977,    [     0.986],    54.894

 pctg,    rr,    α,    β
 0.600,     0.976,    [     0.986],    54.894


seed_val:    4
 0.895,     0.958,    [     0.919],     5.756
 0.943,     0.968,    [     0.941],    10.423
 0.960,     0.977,    [     0.946],    17.772
 0.966,     0.978,    [     0.953],    26.500
 0.968,     0.978,    [     0.960],    33.996
 0.969,     0.976,    [     0.965],    39.107
 0.971,     0.977,    [     0.970],    42.404
 0.971,     0.977,    [     0.974],    44.598
 0.971,     0.977,    [     0.976],    46.305
 0.972,     0.977,    [     0.979],    48.012
 0.972,     0.977,    [     0.981],    49.088
 0.973,     0.977,    [     0.982],    50.594
 0.973,     0.976,    [     0.983],    51.550
 0.974,     0.976,    [     0.985],    52.559
 0.974,     0.976,    [     0.986],    53.779

 pctg,    rr,    α,    β
 0.600,     0.978,    [     0.986],    53.779


seed_val:    5
 0.909,     0.968,    [     0.935],     4.797
 0.961,     0.975,    [     0.947],     9.928
 0.966,     0.975,    [     0.950],    18.383
 0.967,     0.975,    [     0.955],    27.775
 0.971,     0.977,    [     0.961],    35.940
 0.973,     0.977,    [     0.966],    41.679
 0.973,     0.977,    [     0.970],    45.231
 0.973,     0.977,    [     0.974],    48.256
 0.975,     0.978,    [     0.977],    50.351
 0.975,     0.977,    [     0.979],    52.029
 0.975,     0.977,    [     0.981],    53.299
 0.976,     0.978,    [     0.982],    54.158
 0.976,     0.978,    [     0.983],    54.784
 0.976,     0.978,    [     0.984],    56.045
 0.976,     0.978,    [     0.985],    56.378

 pctg,    rr,    α,    β
 0.600,     0.978,    [     0.985],    56.378


seed_val:    6
 0.876,     0.962,    [     0.932],     4.805
 0.945,     0.956,    [     0.947],     9.078
 0.961,     0.964,    [     0.949],    16.478
 0.969,     0.972,    [     0.954],    25.713
 0.971,     0.975,    [     0.959],    33.871
 0.972,     0.978,    [     0.965],    39.527
 0.973,     0.978,    [     0.969],    42.793
 0.973,     0.978,    [     0.973],    45.404
 0.973,     0.978,    [     0.976],    46.881
 0.974,     0.978,    [     0.978],    47.966
 0.974,     0.979,    [     0.979],    49.348
 0.975,     0.980,    [     0.981],    50.172
 0.976,     0.980,    [     0.982],    51.278
 0.976,     0.980,    [     0.983],    52.341
 0.976,     0.980,    [     0.984],    53.097

 pctg,    rr,    α,    β
 0.600,     0.972,    [     0.984],    53.097


seed_val:    7
 0.870,     0.948,    [     0.945],     3.770
 0.921,     0.952,    [     0.964],     6.901
 0.945,     0.968,    [     0.967],    11.985
 0.956,     0.969,    [     0.969],    18.430
 0.964,     0.974,    [     0.971],    25.534
 0.967,     0.976,    [     0.974],    32.151
 0.971,     0.978,    [     0.976],    37.184
 0.971,     0.977,    [     0.979],    40.582
 0.972,     0.978,    [     0.980],    43.018
 0.974,     0.980,    [     0.982],    44.633
 0.974,     0.980,    [     0.983],    46.103
 0.974,     0.980,    [     0.984],    47.412
 0.975,     0.979,    [     0.985],    48.297
 0.975,     0.980,    [     0.986],    48.849
 0.975,     0.980,    [     0.987],    49.484

 pctg,    rr,    α,    β
 0.600,     0.972,    [     0.987],    49.484


seed_val:    8
 0.863,     0.955,    [     0.946],     3.635
 0.936,     0.968,    [     0.967],     7.083
 0.955,     0.972,    [     0.970],    13.562
 0.962,     0.974,    [     0.971],    22.576
 0.966,     0.975,    [     0.973],    31.704
 0.968,     0.974,    [     0.976],    38.482
 0.969,     0.974,    [     0.979],    42.646
 0.970,     0.974,    [     0.981],    45.177
 0.971,     0.974,    [     0.982],    46.665
 0.972,     0.974,    [     0.984],    48.049
 0.971,     0.975,    [     0.985],    49.469
 0.972,     0.974,    [     0.986],    49.936
 0.974,     0.976,    [     0.987],    51.307
 0.972,     0.974,    [     0.988],    52.523
 0.974,     0.975,    [     0.988],    53.155

 pctg,    rr,    α,    β
 0.600,     0.977,    [     0.988],    53.155


seed_val:    9
 0.899,     0.959,    [     0.937],     4.835
 0.953,     0.975,    [     0.951],     9.786
 0.959,     0.979,    [     0.952],    18.079
 0.962,     0.980,    [     0.957],    27.477
 0.966,     0.981,    [     0.964],    34.956
 0.965,     0.981,    [     0.969],    40.084
 0.967,     0.981,    [     0.973],    43.526
 0.968,     0.982,    [     0.977],    46.194
 0.969,     0.981,    [     0.979],    48.480
 0.968,     0.982,    [     0.981],    50.288
 0.969,     0.982,    [     0.983],    51.899
 0.970,     0.982,    [     0.984],    53.366
 0.970,     0.982,    [     0.985],    54.259
 0.970,     0.982,    [     0.986],    55.292
 0.970,     0.982,    [     0.987],    55.611

 pctg,    rr,    α,    β
 0.600,     0.976,    [     0.987],    55.611


seed_val:    10
 0.912,     0.965,    [     0.933],     4.904
 0.955,     0.971,    [     0.940],    10.133
 0.960,     0.973,    [     0.943],    18.315
 0.964,     0.975,    [     0.950],    27.075
 0.965,     0.975,    [     0.958],    34.225
 0.968,     0.976,    [     0.965],    39.438
 0.970,     0.977,    [     0.970],    43.107
 0.970,     0.977,    [     0.974],    45.253
 0.970,     0.977,    [     0.977],    46.820
 0.971,     0.976,    [     0.980],    48.541
 0.972,     0.977,    [     0.981],    49.687
 0.972,     0.977,    [     0.983],    50.867
 0.972,     0.977,    [     0.984],    51.727
 0.973,     0.977,    [     0.985],    52.838
 0.973,     0.977,    [     0.986],    53.250

 pctg,    rr,    α,    β
 0.600,     0.980,    [     0.986],    53.250

 trans: climate_2007_airT,     0.977 ±  0.003
 α, β: [     0.987] ± [     0.001], 53.864 ±  1.966


seed_val:    1
 0.868,     0.922,    [     0.871],     5.859
 0.924,     0.948,    [     0.907],     9.203
 0.937,     0.956,    [     0.926],    13.752
 0.943,     0.958,    [     0.942],    17.778
 0.947,     0.958,    [     0.954],    20.849
 0.950,     0.958,    [     0.962],    23.012
 0.951,     0.958,    [     0.968],    24.543
 0.953,     0.958,    [     0.972],    25.753
 0.954,     0.958,    [     0.975],    26.615
 0.954,     0.958,    [     0.978],    27.335
 0.955,     0.958,    [     0.980],    27.909
 0.955,     0.957,    [     0.981],    28.411
 0.956,     0.959,    [     0.983],    28.796
 0.957,     0.958,    [     0.984],    29.263
 0.957,     0.958,    [     0.985],    29.687

 pctg,    rr,    α,    β
 0.600,     0.970,    [     0.985],    29.687


seed_val:    2
 0.772,     0.900,    [     0.928],     3.621
 0.845,     0.921,    [     0.961],     5.227
 0.880,     0.933,    [     0.974],     7.341
 0.930,     0.952,    [     0.978],    11.149
 0.942,     0.957,    [     0.979],    16.574
 0.947,     0.960,    [     0.981],    21.128
 0.947,     0.960,    [     0.982],    24.207
 0.949,     0.960,    [     0.983],    26.229
 0.950,     0.960,    [     0.985],    27.340
 0.951,     0.960,    [     0.986],    28.356
 0.952,     0.959,    [     0.986],    29.007
 0.952,     0.960,    [     0.987],    29.697
 0.954,     0.961,    [     0.988],    30.119
 0.954,     0.960,    [     0.988],    30.532
 0.954,     0.959,    [     0.989],    30.842

 pctg,    rr,    α,    β
 0.600,     0.973,    [     0.989],    30.842


seed_val:    3
 0.740,     0.900,    [     0.928],     2.713
 0.820,     0.924,    [     0.959],     4.108
 0.893,     0.942,    [     0.973],     6.233
 0.914,     0.946,    [     0.980],     9.375
 0.931,     0.955,    [     0.984],    12.773
 0.944,     0.963,    [     0.985],    18.123
 0.947,     0.962,    [     0.985],    22.562
 0.949,     0.963,    [     0.986],    25.877
 0.951,     0.964,    [     0.987],    27.941
 0.951,     0.965,    [     0.988],    29.000
 0.951,     0.964,    [     0.989],    29.803
 0.952,     0.964,    [     0.989],    30.583
 0.954,     0.966,    [     0.990],    31.244
 0.954,     0.966,    [     0.990],    31.828
 0.955,     0.966,    [     0.990],    32.215

 pctg,    rr,    α,    β
 0.600,     0.961,    [     0.990],    32.215


seed_val:    4
 0.854,     0.925,    [     0.894],     5.247
 0.923,     0.957,    [     0.923],     8.431
 0.941,     0.964,    [     0.938],    12.964
 0.947,     0.965,    [     0.950],    17.508
 0.949,     0.965,    [     0.959],    21.163
 0.951,     0.964,    [     0.965],    23.442
 0.951,     0.963,    [     0.970],    24.942
 0.953,     0.963,    [     0.973],    25.863
 0.951,     0.961,    [     0.976],    26.443
 0.953,     0.963,    [     0.978],    26.899
 0.952,     0.962,    [     0.979],    27.284
 0.953,     0.962,    [     0.980],    27.624
 0.952,     0.961,    [     0.982],    27.883
 0.953,     0.962,    [     0.982],    28.225
 0.954,     0.963,    [     0.983],    28.566

 pctg,    rr,    α,    β
 0.600,     0.952,    [     0.983],    28.566


seed_val:    5
 0.850,     0.928,    [     0.914],     4.204
 0.934,     0.961,    [     0.926],     7.885
 0.942,     0.965,    [     0.935],    13.032
 0.946,     0.967,    [     0.946],    17.823
 0.948,     0.967,    [     0.956],    21.328
 0.949,     0.968,    [     0.963],    23.519
 0.948,     0.966,    [     0.969],    24.835
 0.950,     0.966,    [     0.972],    25.901
 0.952,     0.967,    [     0.975],    26.578
 0.952,     0.967,    [     0.978],    27.180
 0.953,     0.966,    [     0.980],    27.821
 0.954,     0.966,    [     0.981],    28.230
 0.954,     0.966,    [     0.982],    28.609
 0.955,     0.965,    [     0.983],    28.850
 0.955,     0.965,    [     0.984],    29.204

 pctg,    rr,    α,    β
 0.600,     0.962,    [     0.984],    29.204


seed_val:    6
 0.771,     0.902,    [     0.924],     3.690
 0.855,     0.926,    [     0.949],     5.717
 0.912,     0.954,    [     0.957],     9.149
 0.939,     0.965,    [     0.962],    14.106
 0.945,     0.967,    [     0.967],    19.063
 0.947,     0.968,    [     0.972],    22.729
 0.950,     0.968,    [     0.976],    24.963
 0.950,     0.968,    [     0.979],    26.362
 0.951,     0.967,    [     0.981],    27.085
 0.951,     0.967,    [     0.982],    27.732
 0.952,     0.966,    [     0.984],    28.213
 0.953,     0.966,    [     0.985],    28.632
 0.953,     0.967,    [     0.986],    28.949
 0.953,     0.966,    [     0.986],    29.294
 0.953,     0.966,    [     0.987],    29.524

 pctg,    rr,    α,    β
 0.600,     0.960,    [     0.987],    29.524


seed_val:    7
 0.778,     0.895,    [     0.933],     3.443
 0.894,     0.945,    [     0.953],     5.771
 0.918,     0.952,    [     0.958],     9.601
 0.931,     0.954,    [     0.963],    13.778
 0.940,     0.956,    [     0.968],    17.876
 0.945,     0.956,    [     0.971],    21.741
 0.948,     0.955,    [     0.974],    24.462
 0.949,     0.955,    [     0.977],    26.164
 0.951,     0.955,    [     0.978],    27.286
 0.951,     0.953,    [     0.980],    28.013
 0.952,     0.955,    [     0.981],    28.525
 0.952,     0.954,    [     0.982],    29.046
 0.954,     0.955,    [     0.983],    29.609
 0.954,     0.956,    [     0.984],    30.048
 0.955,     0.955,    [     0.984],    30.540

 pctg,    rr,    α,    β
 0.600,     0.956,    [     0.984],    30.540


seed_val:    8
 0.769,     0.902,    [     0.930],     3.272
 0.930,     0.953,    [     0.945],     6.199
 0.937,     0.954,    [     0.949],    11.318
 0.942,     0.958,    [     0.955],    16.809
 0.946,     0.960,    [     0.963],    21.146
 0.948,     0.960,    [     0.969],    24.010
 0.949,     0.960,    [     0.973],    25.729
 0.950,     0.959,    [     0.977],    26.775
 0.951,     0.960,    [     0.979],    27.521
 0.952,     0.960,    [     0.981],    28.174
 0.952,     0.959,    [     0.983],    28.774
 0.953,     0.960,    [     0.984],    29.258
 0.953,     0.960,    [     0.985],    29.742
 0.954,     0.960,    [     0.986],    30.187
 0.955,     0.960,    [     0.987],    30.367

 pctg,    rr,    α,    β
 0.600,     0.968,    [     0.987],    30.367


seed_val:    9
 0.788,     0.881,    [     0.924],     4.049
 0.907,     0.940,    [     0.948],     6.647
 0.938,     0.962,    [     0.954],    11.463
 0.940,     0.964,    [     0.959],    17.267
 0.944,     0.963,    [     0.965],    21.924
 0.943,     0.963,    [     0.970],    24.869
 0.944,     0.963,    [     0.974],    26.472
 0.943,     0.963,    [     0.977],    27.346
 0.944,     0.962,    [     0.979],    27.999
 0.944,     0.962,    [     0.981],    28.522
 0.944,     0.962,    [     0.983],    29.050
 0.944,     0.962,    [     0.984],    29.450
 0.946,     0.962,    [     0.985],    29.893
 0.946,     0.962,    [     0.986],    30.201
 0.947,     0.962,    [     0.986],    30.304

 pctg,    rr,    α,    β
 0.600,     0.960,    [     0.986],    30.304


seed_val:    10
 0.845,     0.922,    [     0.916],     4.091
 0.940,     0.954,    [     0.933],     7.463
 0.950,     0.958,    [     0.941],    13.123
 0.952,     0.960,    [     0.951],    18.921
 0.954,     0.961,    [     0.960],    23.249
 0.955,     0.962,    [     0.967],    25.914
 0.956,     0.963,    [     0.973],    27.586
 0.956,     0.963,    [     0.976],    28.570
 0.957,     0.963,    [     0.979],    29.340
 0.957,     0.963,    [     0.981],    29.893
 0.957,     0.964,    [     0.982],    30.172
 0.957,     0.963,    [     0.984],    30.358
 0.957,     0.964,    [     0.985],    30.459
 0.957,     0.963,    [     0.986],    30.602
 0.957,     0.963,    [     0.986],    30.863

 pctg,    rr,    α,    β
 0.600,     0.959,    [     0.986],    30.863

 trans: climate_2007_landT,     0.962 ±  0.007
 α, β: [     0.986] ± [     0.002], 30.211 ±  1.025


seed_val:    1
 0.817,     0.901,    [     0.923],     4.011
 0.862,     0.913,    [     0.953],     5.763
 0.861,     0.912,    [     0.964],     7.351
 0.863,     0.912,    [     0.971],     8.275
 0.865,     0.910,    [     0.976],     8.796
 0.868,     0.910,    [     0.980],     9.214
 0.873,     0.910,    [     0.982],     9.546
 0.875,     0.908,    [     0.984],     9.863
 0.876,     0.908,    [     0.986],    10.074
 0.878,     0.908,    [     0.987],    10.275
 0.880,     0.908,    [     0.988],    10.418
 0.880,     0.907,    [     0.989],    10.610
 0.881,     0.905,    [     0.990],    10.705
 0.883,     0.906,    [     0.990],    10.924
 0.885,     0.908,    [     0.991],    11.126

 pctg,    rr,    α,    β
 0.600,     0.885,    [     0.991],    11.126


seed_val:    2
 0.784,     0.883,    [     0.927],     3.667
 0.841,     0.894,    [     0.960],     5.119
 0.855,     0.896,    [     0.972],     6.753
 0.857,     0.888,    [     0.978],     7.925
 0.861,     0.883,    [     0.981],     8.716
 0.864,     0.883,    [     0.984],     9.165
 0.868,     0.882,    [     0.986],     9.519
 0.869,     0.883,    [     0.987],     9.796
 0.869,     0.880,    [     0.988],     9.952
 0.868,     0.879,    [     0.989],    10.049
 0.869,     0.879,    [     0.990],    10.148
 0.870,     0.877,    [     0.991],    10.284
 0.872,     0.879,    [     0.991],    10.437
 0.874,     0.880,    [     0.992],    10.584
 0.876,     0.881,    [     0.992],    10.789

 pctg,    rr,    α,    β
 0.600,     0.881,    [     0.992],    10.789


seed_val:    3
 0.728,     0.871,    [     0.933],     3.263
 0.811,     0.884,    [     0.964],     4.775
 0.840,     0.881,    [     0.974],     6.724
 0.839,     0.876,    [     0.978],     8.092
 0.839,     0.870,    [     0.981],     8.778
 0.844,     0.871,    [     0.984],     9.192
 0.845,     0.867,    [     0.985],     9.495
 0.846,     0.866,    [     0.987],     9.727
 0.848,     0.865,    [     0.988],     9.918
 0.849,     0.865,    [     0.989],    10.048
 0.853,     0.868,    [     0.990],    10.249
 0.854,     0.867,    [     0.990],    10.447
 0.858,     0.871,    [     0.991],    10.683
 0.859,     0.872,    [     0.992],    10.826
 0.859,     0.871,    [     0.992],    10.949

 pctg,    rr,    α,    β
 0.600,     0.899,    [     0.992],    10.949


seed_val:    4
 0.776,     0.895,    [     0.925],     3.988
 0.837,     0.902,    [     0.960],     5.522
 0.848,     0.890,    [     0.970],     7.199
 0.849,     0.893,    [     0.976],     8.262
 0.858,     0.898,    [     0.979],     8.949
 0.859,     0.898,    [     0.982],     9.353
 0.863,     0.900,    [     0.984],     9.608
 0.862,     0.899,    [     0.986],     9.797
 0.864,     0.901,    [     0.987],     9.958
 0.867,     0.901,    [     0.988],    10.050
 0.868,     0.899,    [     0.989],    10.137
 0.868,     0.900,    [     0.990],    10.226
 0.872,     0.901,    [     0.990],    10.358
 0.873,     0.899,    [     0.991],    10.444
 0.873,     0.900,    [     0.991],    10.481

 pctg,    rr,    α,    β
 0.600,     0.882,    [     0.991],    10.481


seed_val:    5
 0.765,     0.899,    [     0.927],     3.672
 0.831,     0.899,    [     0.953],     5.428
 0.836,     0.892,    [     0.963],     7.045
 0.838,     0.891,    [     0.970],     8.035
 0.839,     0.890,    [     0.975],     8.628
 0.841,     0.891,    [     0.979],     9.055
 0.841,     0.890,    [     0.981],     9.333
 0.851,     0.898,    [     0.983],     9.616
 0.850,     0.897,    [     0.985],     9.882
 0.853,     0.898,    [     0.986],    10.105
 0.852,     0.898,    [     0.988],    10.253
 0.853,     0.899,    [     0.988],    10.367
 0.855,     0.900,    [     0.989],    10.533
 0.858,     0.902,    [     0.990],    10.741
 0.860,     0.902,    [     0.990],    10.868

 pctg,    rr,    α,    β
 0.600,     0.907,    [     0.990],    10.868


seed_val:    6
 0.757,     0.839,    [     0.926],     3.629
 0.832,     0.870,    [     0.957],     5.079
 0.860,     0.888,    [     0.969],     6.933
 0.868,     0.889,    [     0.975],     8.451
 0.872,     0.889,    [     0.979],     9.434
 0.872,     0.890,    [     0.982],     9.919
 0.873,     0.888,    [     0.984],    10.168
 0.872,     0.885,    [     0.986],    10.364
 0.872,     0.885,    [     0.987],    10.460
 0.872,     0.885,    [     0.988],    10.538
 0.874,     0.885,    [     0.989],    10.607
 0.874,     0.885,    [     0.989],    10.647
 0.876,     0.887,    [     0.990],    10.710
 0.876,     0.887,    [     0.991],    10.805
 0.879,     0.890,    [     0.991],    10.969

 pctg,    rr,    α,    β
 0.600,     0.863,    [     0.991],    10.969


seed_val:    7
 0.765,     0.901,    [     0.930],     3.501
 0.827,     0.917,    [     0.962],     4.919
 0.838,     0.921,    [     0.971],     6.419
 0.842,     0.923,    [     0.976],     7.400
 0.847,     0.924,    [     0.979],     7.901
 0.851,     0.926,    [     0.982],     8.261
 0.854,     0.927,    [     0.984],     8.505
 0.856,     0.928,    [     0.985],     8.744
 0.859,     0.927,    [     0.987],     8.932
 0.858,     0.926,    [     0.988],     9.067
 0.863,     0.928,    [     0.988],     9.229
 0.865,     0.927,    [     0.989],     9.472
 0.866,     0.928,    [     0.990],     9.565
 0.871,     0.928,    [     0.990],     9.717
 0.871,     0.929,    [     0.991],     9.878

 pctg,    rr,    α,    β
 0.600,     0.898,    [     0.991],     9.878


seed_val:    8
 0.755,     0.857,    [     0.931],     3.768
 0.837,     0.878,    [     0.958],     5.459
 0.843,     0.874,    [     0.967],     7.257
 0.845,     0.874,    [     0.974],     8.462
 0.845,     0.872,    [     0.978],     9.181
 0.846,     0.875,    [     0.981],     9.566
 0.848,     0.874,    [     0.984],     9.850
 0.847,     0.877,    [     0.986],    10.026
 0.850,     0.877,    [     0.987],    10.145
 0.851,     0.875,    [     0.988],    10.306
 0.852,     0.876,    [     0.989],    10.414
 0.852,     0.878,    [     0.990],    10.466
 0.851,     0.877,    [     0.990],    10.521
 0.856,     0.878,    [     0.991],    10.671
 0.857,     0.878,    [     0.992],    10.714

 pctg,    rr,    α,    β
 0.600,     0.902,    [     0.992],    10.714


seed_val:    9
 0.731,     0.843,    [     0.935],     3.718
 0.814,     0.869,    [     0.963],     5.338
 0.831,     0.874,    [     0.972],     7.340
 0.839,     0.879,    [     0.978],     8.716
 0.842,     0.879,    [     0.981],     9.570
 0.847,     0.881,    [     0.984],    10.091
 0.851,     0.882,    [     0.986],    10.485
 0.855,     0.884,    [     0.987],    10.792
 0.859,     0.885,    [     0.988],    11.108
 0.859,     0.882,    [     0.989],    11.268
 0.861,     0.885,    [     0.990],    11.493
 0.866,     0.887,    [     0.991],    11.735
 0.869,     0.886,    [     0.991],    11.979
 0.869,     0.885,    [     0.992],    12.097
 0.868,     0.884,    [     0.992],    12.099

 pctg,    rr,    α,    β
 0.600,     0.899,    [     0.992],    12.099


seed_val:    10
 0.756,     0.886,    [     0.934],     3.376
 0.826,     0.896,    [     0.962],     4.942
 0.840,     0.893,    [     0.972],     6.720
 0.852,     0.895,    [     0.978],     8.137
 0.855,     0.895,    [     0.982],     8.962
 0.858,     0.897,    [     0.984],     9.425
 0.856,     0.896,    [     0.986],     9.671
 0.859,     0.896,    [     0.987],     9.887
 0.862,     0.897,    [     0.989],     9.995
 0.864,     0.898,    [     0.990],    10.182
 0.865,     0.898,    [     0.990],    10.304
 0.865,     0.897,    [     0.991],    10.353
 0.867,     0.897,    [     0.992],    10.470
 0.866,     0.898,    [     0.992],    10.535
 0.869,     0.898,    [     0.992],    10.653

 pctg,    rr,    α,    β
 0.600,     0.856,    [     0.992],    10.653

 trans: climate_2007_precipitation,     0.887 ±  0.017
 α, β: [     0.991] ± [     0.001], 10.853 ±  0.558


seed_val:    1
 0.870,     0.948,    [     0.932],     3.679
 0.907,     0.946,    [     0.950],     6.504
 0.921,     0.948,    [     0.962],     9.883
 0.926,     0.949,    [     0.972],    12.856
 0.931,     0.949,    [     0.978],    15.041
 0.932,     0.949,    [     0.983],    16.647
 0.935,     0.948,    [     0.986],    17.953
 0.935,     0.948,    [     0.988],    18.844
 0.937,     0.949,    [     0.990],    19.565
 0.935,     0.947,    [     0.991],    19.996
 0.936,     0.946,    [     0.992],    20.498
 0.940,     0.947,    [     0.993],    20.971
 0.940,     0.946,    [     0.994],    21.077
 0.942,     0.945,    [     0.994],    21.461
 0.941,     0.944,    [     0.995],    21.718

 pctg,    rr,    α,    β
 0.600,     0.947,    [     0.995],    21.718


seed_val:    2
 0.869,     0.951,    [     0.939],     4.552
 0.911,     0.954,    [     0.964],     7.554
 0.918,     0.955,    [     0.972],    10.836
 0.924,     0.957,    [     0.978],    13.545
 0.924,     0.956,    [     0.982],    15.496
 0.928,     0.958,    [     0.986],    16.824
 0.932,     0.959,    [     0.988],    18.113
 0.934,     0.960,    [     0.990],    18.736
 0.934,     0.959,    [     0.991],    19.166
 0.935,     0.959,    [     0.992],    19.647
 0.937,     0.958,    [     0.993],    19.991
 0.932,     0.956,    [     0.993],    20.252
 0.934,     0.956,    [     0.994],    20.382
 0.934,     0.956,    [     0.994],    20.615
 0.936,     0.957,    [     0.995],    21.043

 pctg,    rr,    α,    β
 0.600,     0.952,    [     0.995],    21.043


seed_val:    3
 0.880,     0.954,    [     0.923],     5.147
 0.902,     0.949,    [     0.951],     8.154
 0.915,     0.954,    [     0.965],    11.032
 0.916,     0.954,    [     0.974],    13.512
 0.922,     0.957,    [     0.981],    15.391
 0.928,     0.959,    [     0.985],    16.985
 0.932,     0.960,    [     0.988],    18.185
 0.928,     0.958,    [     0.990],    19.047
 0.934,     0.960,    [     0.991],    19.726
 0.931,     0.958,    [     0.992],    20.255
 0.936,     0.960,    [     0.993],    20.629
 0.935,     0.960,    [     0.994],    21.001
 0.937,     0.961,    [     0.994],    21.469
 0.939,     0.962,    [     0.995],    21.838
 0.937,     0.960,    [     0.995],    21.871

 pctg,    rr,    α,    β
 0.600,     0.957,    [     0.995],    21.871


seed_val:    4
 0.859,     0.952,    [     0.958],     2.243
 0.915,     0.961,    [     0.972],     4.487
 0.920,     0.950,    [     0.977],     8.147
 0.915,     0.941,    [     0.981],    11.863
 0.925,     0.945,    [     0.984],    14.557
 0.923,     0.944,    [     0.987],    16.112
 0.929,     0.947,    [     0.989],    17.233
 0.924,     0.942,    [     0.990],    17.772
 0.931,     0.945,    [     0.991],    18.223
 0.930,     0.946,    [     0.992],    18.596
 0.932,     0.945,    [     0.993],    18.929
 0.931,     0.945,    [     0.993],    18.987
 0.934,     0.946,    [     0.994],    19.029
 0.933,     0.945,    [     0.994],    19.444
 0.932,     0.943,    [     0.995],    19.554

 pctg,    rr,    α,    β
 0.600,     0.949,    [     0.995],    19.554


seed_val:    5
 0.862,     0.957,    [     0.941],     4.087
 0.923,     0.950,    [     0.966],     7.269
 0.922,     0.940,    [     0.974],    10.757
 0.924,     0.942,    [     0.979],    13.591
 0.931,     0.947,    [     0.983],    15.675
 0.932,     0.948,    [     0.986],    17.115
 0.934,     0.946,    [     0.989],    17.994
 0.935,     0.947,    [     0.990],    18.970
 0.939,     0.949,    [     0.991],    19.826
 0.935,     0.944,    [     0.992],    20.161
 0.937,     0.945,    [     0.993],    20.566
 0.937,     0.945,    [     0.994],    20.819
 0.934,     0.941,    [     0.994],    20.808
 0.937,     0.944,    [     0.995],    21.122
 0.938,     0.943,    [     0.995],    21.503

 pctg,    rr,    α,    β
 0.600,     0.943,    [     0.995],    21.503


seed_val:    6
 0.869,     0.917,    [     0.917],     5.524
 0.899,     0.926,    [     0.944],     8.274
 0.912,     0.935,    [     0.960],    11.261
 0.921,     0.940,    [     0.970],    13.775
 0.923,     0.940,    [     0.977],    15.687
 0.926,     0.941,    [     0.981],    17.003
 0.929,     0.943,    [     0.984],    18.072
 0.927,     0.942,    [     0.986],    18.756
 0.926,     0.939,    [     0.988],    19.263
 0.927,     0.940,    [     0.989],    19.564
 0.928,     0.940,    [     0.990],    19.827
 0.929,     0.939,    [     0.991],    19.788
 0.933,     0.942,    [     0.992],    20.042
 0.929,     0.939,    [     0.992],    20.359
 0.932,     0.939,    [     0.993],    20.837

 pctg,    rr,    α,    β
 0.600,     0.941,    [     0.993],    20.837


seed_val:    7
 0.884,     0.965,    [     0.939],     4.075
 0.924,     0.961,    [     0.967],     7.106
 0.925,     0.956,    [     0.977],    11.000
 0.933,     0.961,    [     0.982],    14.534
 0.934,     0.962,    [     0.985],    16.782
 0.931,     0.959,    [     0.988],    18.160
 0.932,     0.959,    [     0.989],    18.873
 0.934,     0.961,    [     0.991],    19.418
 0.935,     0.961,    [     0.992],    19.812
 0.936,     0.962,    [     0.993],    20.151
 0.934,     0.960,    [     0.993],    20.467
 0.937,     0.962,    [     0.994],    20.873
 0.936,     0.960,    [     0.994],    21.017
 0.937,     0.961,    [     0.995],    21.321
 0.937,     0.960,    [     0.995],    21.498

 pctg,    rr,    α,    β
 0.600,     0.937,    [     0.995],    21.498


seed_val:    8
 0.830,     0.955,    [     0.943],     3.528
 0.906,     0.954,    [     0.963],     6.487
 0.914,     0.948,    [     0.970],    10.047
 0.923,     0.949,    [     0.976],    13.027
 0.924,     0.948,    [     0.981],    15.021
 0.929,     0.949,    [     0.985],    16.235
 0.930,     0.950,    [     0.987],    17.132
 0.934,     0.952,    [     0.989],    17.796
 0.933,     0.952,    [     0.990],    18.007
 0.933,     0.952,    [     0.991],    18.621
 0.938,     0.955,    [     0.992],    19.062
 0.938,     0.955,    [     0.993],    19.256
 0.938,     0.955,    [     0.994],    19.521
 0.940,     0.955,    [     0.994],    20.014
 0.939,     0.954,    [     0.994],    20.125

 pctg,    rr,    α,    β
 0.600,     0.954,    [     0.994],    20.125


seed_val:    9
 0.859,     0.956,    [     0.941],     4.357
 0.897,     0.936,    [     0.962],     7.480
 0.909,     0.940,    [     0.970],    10.724
 0.918,     0.945,    [     0.977],    13.406
 0.919,     0.943,    [     0.982],    15.318
 0.923,     0.946,    [     0.985],    16.755
 0.925,     0.947,    [     0.988],    17.881
 0.929,     0.950,    [     0.990],    18.868
 0.930,     0.950,    [     0.991],    19.444
 0.928,     0.948,    [     0.992],    19.743
 0.927,     0.945,    [     0.993],    19.972
 0.929,     0.948,    [     0.993],    20.346
 0.931,     0.948,    [     0.994],    20.725
 0.933,     0.950,    [     0.994],    20.944
 0.933,     0.949,    [     0.995],    21.008

 pctg,    rr,    α,    β
 0.600,     0.954,    [     0.995],    21.008


seed_val:    10
 0.875,     0.950,    [     0.941],     4.403
 0.912,     0.952,    [     0.967],     7.383
 0.915,     0.950,    [     0.974],    11.027
 0.921,     0.951,    [     0.979],    13.935
 0.928,     0.955,    [     0.984],    16.251
 0.928,     0.954,    [     0.987],    17.624
 0.931,     0.955,    [     0.989],    18.813
 0.930,     0.954,    [     0.990],    19.366
 0.934,     0.955,    [     0.992],    19.779
 0.935,     0.956,    [     0.993],    20.643
 0.936,     0.956,    [     0.993],    21.192
 0.937,     0.955,    [     0.994],    21.455
 0.935,     0.954,    [     0.994],    21.486
 0.936,     0.953,    [     0.995],    21.843
 0.938,     0.955,    [     0.995],    22.140

 pctg,    rr,    α,    β
 0.600,     0.950,    [     0.995],    22.140

 trans: climate_2007_sunlight,     0.949 ±  0.006
 α, β: [     0.995] ± [     0.001], 21.130 ±  0.802


seed_val:    1
 0.863,     0.955,    [     0.939],     4.705
 0.909,     0.953,    [     0.968],     7.558
 0.922,     0.952,    [     0.980],    10.743
 0.930,     0.954,    [     0.986],    13.655
 0.934,     0.953,    [     0.990],    16.019
 0.934,     0.950,    [     0.992],    17.557
 0.939,     0.952,    [     0.994],    18.698
 0.939,     0.948,    [     0.995],    19.500
 0.941,     0.948,    [     0.996],    20.115
 0.943,     0.949,    [     0.996],    20.816
 0.943,     0.949,    [     0.997],    21.120
 0.943,     0.948,    [     0.997],    21.484
 0.944,     0.945,    [     0.997],    21.523
 0.945,     0.946,    [     0.998],    21.796
 0.946,     0.945,    [     0.998],    21.979

 pctg,    rr,    α,    β
 0.600,     0.944,    [     0.998],    21.979


seed_val:    2
 0.880,     0.962,    [     0.946],     4.502
 0.929,     0.967,    [     0.975],     7.505
 0.939,     0.964,    [     0.986],    11.558
 0.933,     0.954,    [     0.990],    14.862
 0.933,     0.949,    [     0.993],    16.774
 0.933,     0.952,    [     0.994],    17.703
 0.936,     0.953,    [     0.995],    18.503
 0.935,     0.953,    [     0.996],    19.006
 0.935,     0.950,    [     0.996],    19.211
 0.935,     0.950,    [     0.997],    19.828
 0.938,     0.952,    [     0.997],    20.248
 0.940,     0.955,    [     0.997],    20.894
 0.940,     0.954,    [     0.998],    21.189
 0.938,     0.953,    [     0.998],    21.288
 0.941,     0.955,    [     0.998],    21.703

 pctg,    rr,    α,    β
 0.600,     0.953,    [     0.998],    21.703


seed_val:    3
 0.866,     0.960,    [     0.947],     3.671
 0.919,     0.964,    [     0.975],     6.468
 0.931,     0.959,    [     0.986],    10.219
 0.933,     0.960,    [     0.990],    13.740
 0.937,     0.965,    [     0.993],    16.558
 0.939,     0.963,    [     0.995],    18.776
 0.942,     0.965,    [     0.996],    20.268
 0.943,     0.964,    [     0.996],    21.180
 0.945,     0.964,    [     0.997],    21.910
 0.945,     0.963,    [     0.997],    22.281
 0.946,     0.964,    [     0.998],    22.587
 0.946,     0.964,    [     0.998],    22.644
 0.945,     0.963,    [     0.998],    22.522
 0.946,     0.963,    [     0.998],    22.702
 0.946,     0.962,    [     0.998],    22.630

 pctg,    rr,    α,    β
 0.600,     0.959,    [     0.998],    22.630


seed_val:    4
 0.870,     0.965,    [     0.942],     4.745
 0.911,     0.966,    [     0.972],     7.724
 0.914,     0.953,    [     0.982],    10.674
 0.920,     0.953,    [     0.987],    13.040
 0.923,     0.954,    [     0.991],    14.717
 0.925,     0.950,    [     0.993],    15.875
 0.928,     0.953,    [     0.994],    16.607
 0.931,     0.953,    [     0.995],    17.373
 0.931,     0.952,    [     0.996],    18.000
 0.934,     0.955,    [     0.996],    18.208
 0.932,     0.950,    [     0.997],    18.484
 0.935,     0.950,    [     0.997],    18.825
 0.934,     0.949,    [     0.997],    19.117
 0.933,     0.950,    [     0.998],    19.288
 0.935,     0.948,    [     0.998],    19.497

 pctg,    rr,    α,    β
 0.600,     0.966,    [     0.998],    19.497


seed_val:    5
 0.867,     0.964,    [     0.944],     4.211
 0.925,     0.971,    [     0.973],     7.114
 0.932,     0.968,    [     0.984],    10.979
 0.930,     0.964,    [     0.989],    14.246
 0.931,     0.962,    [     0.992],    16.483
 0.935,     0.961,    [     0.994],    17.994
 0.937,     0.961,    [     0.995],    19.150
 0.940,     0.961,    [     0.996],    20.177
 0.941,     0.960,    [     0.997],    21.018
 0.942,     0.959,    [     0.997],    21.416
 0.939,     0.956,    [     0.997],    21.694
 0.940,     0.955,    [     0.998],    21.866
 0.945,     0.958,    [     0.998],    21.796
 0.944,     0.956,    [     0.998],    22.072
 0.944,     0.956,    [     0.998],    22.625

 pctg,    rr,    α,    β
 0.600,     0.965,    [     0.998],    22.625


seed_val:    6
 0.875,     0.958,    [     0.947],     3.843
 0.931,     0.970,    [     0.975],     6.697
 0.931,     0.964,    [     0.984],    10.763
 0.930,     0.960,    [     0.989],    14.079
 0.933,     0.960,    [     0.992],    16.248
 0.934,     0.961,    [     0.993],    17.651
 0.936,     0.962,    [     0.995],    18.533
 0.937,     0.962,    [     0.996],    19.476
 0.937,     0.962,    [     0.996],    19.718
 0.940,     0.962,    [     0.997],    20.179
 0.940,     0.961,    [     0.997],    20.475
 0.939,     0.962,    [     0.997],    20.781
 0.944,     0.965,    [     0.998],    21.242
 0.941,     0.961,    [     0.998],    21.741
 0.942,     0.961,    [     0.998],    21.904

 pctg,    rr,    α,    β
 0.600,     0.961,    [     0.998],    21.904


seed_val:    7
 0.860,     0.962,    [     0.945],     4.087
 0.911,     0.971,    [     0.974],     6.920
 0.910,     0.963,    [     0.984],    10.665
 0.915,     0.965,    [     0.988],    13.425
 0.918,     0.965,    [     0.991],    15.148
 0.923,     0.964,    [     0.993],    16.582
 0.928,     0.965,    [     0.994],    17.561
 0.930,     0.963,    [     0.995],    18.253
 0.930,     0.961,    [     0.996],    18.831
 0.933,     0.959,    [     0.996],    19.230
 0.933,     0.959,    [     0.997],    19.411
 0.934,     0.958,    [     0.997],    19.851
 0.937,     0.958,    [     0.997],    20.239
 0.938,     0.957,    [     0.998],    20.413
 0.939,     0.958,    [     0.998],    20.740

 pctg,    rr,    α,    β
 0.600,     0.955,    [     0.998],    20.740


seed_val:    8
 0.865,     0.957,    [     0.942],     4.694
 0.900,     0.957,    [     0.971],     7.719
 0.905,     0.952,    [     0.982],    11.018
 0.913,     0.954,    [     0.988],    13.870
 0.918,     0.956,    [     0.991],    16.117
 0.924,     0.960,    [     0.993],    17.881
 0.928,     0.962,    [     0.994],    19.275
 0.929,     0.961,    [     0.995],    20.284
 0.931,     0.962,    [     0.996],    21.055
 0.932,     0.963,    [     0.997],    21.556
 0.932,     0.963,    [     0.997],    22.025
 0.935,     0.963,    [     0.997],    22.432
 0.936,     0.963,    [     0.998],    22.648
 0.936,     0.962,    [     0.998],    22.977
 0.937,     0.961,    [     0.998],    23.064

 pctg,    rr,    α,    β
 0.600,     0.962,    [     0.998],    23.064


seed_val:    9
 0.870,     0.959,    [     0.947],     4.540
 0.924,     0.967,    [     0.976],     7.638
 0.925,     0.959,    [     0.985],    11.463
 0.934,     0.960,    [     0.990],    14.755
 0.935,     0.957,    [     0.992],    16.994
 0.936,     0.953,    [     0.994],    18.134
 0.935,     0.951,    [     0.995],    18.629
 0.938,     0.953,    [     0.996],    19.084
 0.940,     0.954,    [     0.996],    19.672
 0.940,     0.953,    [     0.997],    20.018
 0.942,     0.953,    [     0.997],    20.527
 0.943,     0.954,    [     0.997],    20.831
 0.945,     0.956,    [     0.998],    21.254
 0.944,     0.954,    [     0.998],    21.759
 0.946,     0.955,    [     0.998],    22.087

 pctg,    rr,    α,    β
 0.600,     0.959,    [     0.998],    22.087


seed_val:    10
 0.884,     0.959,    [     0.946],     4.122
 0.933,     0.968,    [     0.974],     7.114
 0.937,     0.965,    [     0.984],    11.085
 0.932,     0.958,    [     0.989],    14.352
 0.936,     0.959,    [     0.992],    16.502
 0.936,     0.958,    [     0.993],    17.930
 0.937,     0.959,    [     0.995],    18.777
 0.939,     0.958,    [     0.996],    19.469
 0.940,     0.959,    [     0.996],    20.064
 0.941,     0.959,    [     0.997],    20.877
 0.943,     0.959,    [     0.997],    21.088
 0.941,     0.957,    [     0.997],    21.520
 0.942,     0.957,    [     0.998],    21.922
 0.942,     0.957,    [     0.998],    22.212
 0.945,     0.960,    [     0.998],    22.303

 pctg,    rr,    α,    β
 0.600,     0.955,    [     0.998],    22.303

 trans: climate_2007_pm2.5,     0.958 ±  0.007
 α, β: [     0.998] ± [     0.000], 21.853 ±  1.041