seed_val:    1
 0.943,     0.960,    [     0.000],    20.086
 0.943,     0.960,    [     0.000],    20.086
 0.943,     0.960,    [     0.000],    20.086
 0.943,     0.960,    [     0.000],    20.086
 0.943,     0.960,    [     0.000],    20.086
 0.943,     0.960,    [     0.000],    20.086
 0.943,     0.960,    [     0.000],    20.086
 0.943,     0.960,    [     0.000],    20.086
 0.943,     0.960,    [     0.000],    20.086
 0.943,     0.960,    [     0.000],    20.086
 0.943,     0.960,    [     0.000],    20.086
 0.943,     0.960,    [     0.000],    20.086
 0.943,     0.960,    [     0.000],    20.086
 0.943,     0.960,    [     0.000],    20.086
 0.943,     0.960,    [     0.000],    20.086

 pctg,    rr,    α,    β
 0.600,     0.968,    [     0.000],    20.086


seed_val:    2
 0.941,     0.963,    [     0.000],    20.086
 0.941,     0.963,    [     0.000],    20.086
 0.941,     0.963,    [     0.000],    20.086
 0.941,     0.963,    [     0.000],    20.086
 0.941,     0.963,    [     0.000],    20.086
 0.941,     0.963,    [     0.000],    20.086
 0.941,     0.963,    [     0.000],    20.086
 0.941,     0.963,    [     0.000],    20.086
 0.941,     0.963,    [     0.000],    20.086
 0.941,     0.963,    [     0.000],    20.086
 0.941,     0.963,    [     0.000],    20.086
 0.941,     0.963,    [     0.000],    20.086
 0.941,     0.963,    [     0.000],    20.086
 0.941,     0.963,    [     0.000],    20.086
 0.941,     0.963,    [     0.000],    20.086

 pctg,    rr,    α,    β
 0.600,     0.954,    [     0.000],    20.086


seed_val:    3
 0.941,     0.961,    [     0.000],    20.086
 0.941,     0.961,    [     0.000],    20.086
 0.941,     0.961,    [     0.000],    20.086
 0.941,     0.961,    [     0.000],    20.086
 0.941,     0.961,    [     0.000],    20.086
 0.941,     0.961,    [     0.000],    20.086
 0.941,     0.961,    [     0.000],    20.086
 0.941,     0.961,    [     0.000],    20.086
 0.941,     0.961,    [     0.000],    20.086
 0.941,     0.961,    [     0.000],    20.086
 0.941,     0.961,    [     0.000],    20.086
 0.941,     0.961,    [     0.000],    20.086
 0.941,     0.961,    [     0.000],    20.086
 0.941,     0.961,    [     0.000],    20.086
 0.941,     0.961,    [     0.000],    20.086

 pctg,    rr,    α,    β
 0.600,     0.960,    [     0.000],    20.086


seed_val:    4
 0.921,     0.959,    [     0.000],    20.086
 0.921,     0.959,    [     0.000],    20.086
 0.921,     0.959,    [     0.000],    20.086
 0.921,     0.959,    [     0.000],    20.086
 0.921,     0.959,    [     0.000],    20.086
 0.921,     0.959,    [     0.000],    20.086
 0.921,     0.959,    [     0.000],    20.086
 0.921,     0.959,    [     0.000],    20.086
 0.921,     0.959,    [     0.000],    20.086
 0.921,     0.959,    [     0.000],    20.086
 0.921,     0.959,    [     0.000],    20.086
 0.921,     0.959,    [     0.000],    20.086
 0.921,     0.959,    [     0.000],    20.086
 0.921,     0.959,    [     0.000],    20.086
 0.921,     0.959,    [     0.000],    20.086

 pctg,    rr,    α,    β
 0.600,     0.967,    [     0.000],    20.086


seed_val:    5
 0.942,     0.959,    [     0.000],    20.086
 0.942,     0.959,    [     0.000],    20.086
 0.942,     0.959,    [     0.000],    20.086
 0.942,     0.959,    [     0.000],    20.086
 0.942,     0.959,    [     0.000],    20.086
 0.942,     0.959,    [     0.000],    20.086
 0.942,     0.959,    [     0.000],    20.086
 0.942,     0.959,    [     0.000],    20.086
 0.942,     0.959,    [     0.000],    20.086
 0.942,     0.959,    [     0.000],    20.086
 0.942,     0.959,    [     0.000],    20.086
 0.942,     0.959,    [     0.000],    20.086
 0.942,     0.959,    [     0.000],    20.086
 0.942,     0.959,    [     0.000],    20.086
 0.942,     0.959,    [     0.000],    20.086

 pctg,    rr,    α,    β
 0.600,     0.954,    [     0.000],    20.086


seed_val:    6
 0.940,     0.962,    [     0.000],    20.086
 0.940,     0.962,    [     0.000],    20.086
 0.940,     0.962,    [     0.000],    20.086
 0.940,     0.962,    [     0.000],    20.086
 0.940,     0.962,    [     0.000],    20.086
 0.940,     0.962,    [     0.000],    20.086
 0.940,     0.962,    [     0.000],    20.086
 0.940,     0.962,    [     0.000],    20.086
 0.940,     0.962,    [     0.000],    20.086
 0.940,     0.962,    [     0.000],    20.086
 0.940,     0.962,    [     0.000],    20.086
 0.940,     0.962,    [     0.000],    20.086
 0.940,     0.962,    [     0.000],    20.086
 0.940,     0.962,    [     0.000],    20.086
 0.940,     0.962,    [     0.000],    20.086

 pctg,    rr,    α,    β
 0.600,     0.953,    [     0.000],    20.086


seed_val:    7
 0.948,     0.955,    [     0.000],    20.086
 0.948,     0.955,    [     0.000],    20.086
 0.948,     0.955,    [     0.000],    20.086
 0.948,     0.955,    [     0.000],    20.086
 0.948,     0.955,    [     0.000],    20.086
 0.948,     0.955,    [     0.000],    20.086
 0.948,     0.955,    [     0.000],    20.086
 0.948,     0.955,    [     0.000],    20.086
 0.948,     0.955,    [     0.000],    20.086
 0.948,     0.955,    [     0.000],    20.086
 0.948,     0.955,    [     0.000],    20.086
 0.948,     0.955,    [     0.000],    20.086
 0.948,     0.955,    [     0.000],    20.086
 0.948,     0.955,    [     0.000],    20.086
 0.948,     0.955,    [     0.000],    20.086

 pctg,    rr,    α,    β
 0.600,     0.956,    [     0.000],    20.086


seed_val:    8
 0.946,     0.955,    [     0.000],    20.086
 0.946,     0.955,    [     0.000],    20.086
 0.946,     0.955,    [     0.000],    20.086
 0.946,     0.955,    [     0.000],    20.086
 0.946,     0.955,    [     0.000],    20.086
 0.946,     0.955,    [     0.000],    20.086
 0.946,     0.955,    [     0.000],    20.086
 0.946,     0.955,    [     0.000],    20.086
 0.946,     0.955,    [     0.000],    20.086
 0.946,     0.955,    [     0.000],    20.086
 0.946,     0.955,    [     0.000],    20.086
 0.946,     0.955,    [     0.000],    20.086
 0.946,     0.955,    [     0.000],    20.086
 0.946,     0.955,    [     0.000],    20.086
 0.946,     0.955,    [     0.000],    20.086

 pctg,    rr,    α,    β
 0.600,     0.958,    [     0.000],    20.086


seed_val:    9
 0.930,     0.956,    [     0.000],    20.086
 0.930,     0.956,    [     0.000],    20.086
 0.930,     0.956,    [     0.000],    20.086
 0.930,     0.956,    [     0.000],    20.086
 0.930,     0.956,    [     0.000],    20.086
 0.930,     0.956,    [     0.000],    20.086
 0.930,     0.956,    [     0.000],    20.086
 0.930,     0.956,    [     0.000],    20.086
 0.930,     0.956,    [     0.000],    20.086
 0.930,     0.956,    [     0.000],    20.086
 0.930,     0.956,    [     0.000],    20.086
 0.930,     0.956,    [     0.000],    20.086
 0.930,     0.956,    [     0.000],    20.086
 0.930,     0.956,    [     0.000],    20.086
 0.930,     0.956,    [     0.000],    20.086

 pctg,    rr,    α,    β
 0.600,     0.964,    [     0.000],    20.086


seed_val:    10
 0.943,     0.963,    [     0.000],    20.086
 0.943,     0.963,    [     0.000],    20.086
 0.943,     0.963,    [     0.000],    20.086
 0.943,     0.963,    [     0.000],    20.086
 0.943,     0.963,    [     0.000],    20.086
 0.943,     0.963,    [     0.000],    20.086
 0.943,     0.963,    [     0.000],    20.086
 0.943,     0.963,    [     0.000],    20.086
 0.943,     0.963,    [     0.000],    20.086
 0.943,     0.963,    [     0.000],    20.086
 0.943,     0.963,    [     0.000],    20.086
 0.943,     0.963,    [     0.000],    20.086
 0.943,     0.963,    [     0.000],    20.086
 0.943,     0.963,    [     0.000],    20.086
 0.943,     0.963,    [     0.000],    20.086

 pctg,    rr,    α,    β
 0.600,     0.958,    [     0.000],    20.086

 trans: climate_2007_airT,     0.959 ±  0.006
 α, β: [     0.000] ± [     0.000], 20.086 ±  0.000


seed_val:    1
 0.847,     0.894,    [     0.000],    20.086
 0.847,     0.894,    [     0.000],    20.086
 0.847,     0.894,    [     0.000],    20.086
 0.847,     0.894,    [     0.000],    20.086
 0.847,     0.894,    [     0.000],    20.086
 0.847,     0.894,    [     0.000],    20.086
 0.847,     0.894,    [     0.000],    20.086
 0.847,     0.894,    [     0.000],    20.086
 0.847,     0.894,    [     0.000],    20.086
 0.847,     0.894,    [     0.000],    20.086
 0.847,     0.894,    [     0.000],    20.086
 0.847,     0.894,    [     0.000],    20.086
 0.847,     0.894,    [     0.000],    20.086
 0.847,     0.894,    [     0.000],    20.086
 0.847,     0.894,    [     0.000],    20.086

 pctg,    rr,    α,    β
 0.600,     0.924,    [     0.000],    20.086


seed_val:    2
 0.835,     0.904,    [     0.000],    20.086
 0.835,     0.904,    [     0.000],    20.086
 0.835,     0.904,    [     0.000],    20.086
 0.835,     0.904,    [     0.000],    20.086
 0.835,     0.904,    [     0.000],    20.086
 0.835,     0.904,    [     0.000],    20.086
 0.835,     0.904,    [     0.000],    20.086
 0.835,     0.904,    [     0.000],    20.086
 0.835,     0.904,    [     0.000],    20.086
 0.835,     0.904,    [     0.000],    20.086
 0.835,     0.904,    [     0.000],    20.086
 0.835,     0.904,    [     0.000],    20.086
 0.835,     0.904,    [     0.000],    20.086
 0.835,     0.904,    [     0.000],    20.086
 0.835,     0.904,    [     0.000],    20.086

 pctg,    rr,    α,    β
 0.600,     0.912,    [     0.000],    20.086


seed_val:    3
 0.838,     0.925,    [     0.000],    20.086
 0.838,     0.925,    [     0.000],    20.086
 0.838,     0.925,    [     0.000],    20.086
 0.838,     0.925,    [     0.000],    20.086
 0.838,     0.925,    [     0.000],    20.086
 0.838,     0.925,    [     0.000],    20.086
 0.838,     0.925,    [     0.000],    20.086
 0.838,     0.925,    [     0.000],    20.086
 0.838,     0.925,    [     0.000],    20.086
 0.838,     0.925,    [     0.000],    20.086
 0.838,     0.925,    [     0.000],    20.086
 0.838,     0.925,    [     0.000],    20.086
 0.838,     0.925,    [     0.000],    20.086
 0.838,     0.925,    [     0.000],    20.086
 0.838,     0.925,    [     0.000],    20.086

 pctg,    rr,    α,    β
 0.600,     0.887,    [     0.000],    20.086


seed_val:    4
 0.803,     0.903,    [     0.000],    20.086
 0.803,     0.903,    [     0.000],    20.086
 0.803,     0.903,    [     0.000],    20.086
 0.803,     0.903,    [     0.000],    20.086
 0.803,     0.903,    [     0.000],    20.086
 0.803,     0.903,    [     0.000],    20.086
 0.803,     0.903,    [     0.000],    20.086
 0.803,     0.903,    [     0.000],    20.086
 0.803,     0.903,    [     0.000],    20.086
 0.803,     0.903,    [     0.000],    20.086
 0.803,     0.903,    [     0.000],    20.086
 0.803,     0.903,    [     0.000],    20.086
 0.803,     0.903,    [     0.000],    20.086
 0.803,     0.903,    [     0.000],    20.086
 0.803,     0.903,    [     0.000],    20.086

 pctg,    rr,    α,    β
 0.600,     0.914,    [     0.000],    20.086


seed_val:    5
 0.844,     0.901,    [     0.000],    20.086
 0.844,     0.901,    [     0.000],    20.086
 0.844,     0.901,    [     0.000],    20.086
 0.844,     0.901,    [     0.000],    20.086
 0.844,     0.901,    [     0.000],    20.086
 0.844,     0.901,    [     0.000],    20.086
 0.844,     0.901,    [     0.000],    20.086
 0.844,     0.901,    [     0.000],    20.086
 0.844,     0.901,    [     0.000],    20.086
 0.844,     0.901,    [     0.000],    20.086
 0.844,     0.901,    [     0.000],    20.086
 0.844,     0.901,    [     0.000],    20.086
 0.844,     0.901,    [     0.000],    20.086
 0.844,     0.901,    [     0.000],    20.086
 0.844,     0.901,    [     0.000],    20.086

 pctg,    rr,    α,    β
 0.600,     0.886,    [     0.000],    20.086


seed_val:    6
 0.831,     0.898,    [     0.000],    20.086
 0.831,     0.898,    [     0.000],    20.086
 0.831,     0.898,    [     0.000],    20.086
 0.831,     0.898,    [     0.000],    20.086
 0.831,     0.898,    [     0.000],    20.086
 0.831,     0.898,    [     0.000],    20.086
 0.831,     0.898,    [     0.000],    20.086
 0.831,     0.898,    [     0.000],    20.086
 0.831,     0.898,    [     0.000],    20.086
 0.831,     0.898,    [     0.000],    20.086
 0.831,     0.898,    [     0.000],    20.086
 0.831,     0.898,    [     0.000],    20.086
 0.831,     0.898,    [     0.000],    20.086
 0.831,     0.898,    [     0.000],    20.086
 0.831,     0.898,    [     0.000],    20.086

 pctg,    rr,    α,    β
 0.600,     0.875,    [     0.000],    20.086


seed_val:    7
 0.853,     0.891,    [     0.000],    20.086
 0.853,     0.891,    [     0.000],    20.086
 0.853,     0.891,    [     0.000],    20.086
 0.853,     0.891,    [     0.000],    20.086
 0.853,     0.891,    [     0.000],    20.086
 0.853,     0.891,    [     0.000],    20.086
 0.853,     0.891,    [     0.000],    20.086
 0.853,     0.891,    [     0.000],    20.086
 0.853,     0.891,    [     0.000],    20.086
 0.853,     0.891,    [     0.000],    20.086
 0.853,     0.891,    [     0.000],    20.086
 0.853,     0.891,    [     0.000],    20.086
 0.853,     0.891,    [     0.000],    20.086
 0.853,     0.891,    [     0.000],    20.086
 0.853,     0.891,    [     0.000],    20.086

 pctg,    rr,    α,    β
 0.600,     0.898,    [     0.000],    20.086


seed_val:    8
 0.836,     0.887,    [     0.000],    20.086
 0.836,     0.887,    [     0.000],    20.086
 0.836,     0.887,    [     0.000],    20.086
 0.836,     0.887,    [     0.000],    20.086
 0.836,     0.887,    [     0.000],    20.086
 0.836,     0.887,    [     0.000],    20.086
 0.836,     0.887,    [     0.000],    20.086
 0.836,     0.887,    [     0.000],    20.086
 0.836,     0.887,    [     0.000],    20.086
 0.836,     0.887,    [     0.000],    20.086
 0.836,     0.887,    [     0.000],    20.086
 0.836,     0.887,    [     0.000],    20.086
 0.836,     0.887,    [     0.000],    20.086
 0.836,     0.887,    [     0.000],    20.086
 0.836,     0.887,    [     0.000],    20.086

 pctg,    rr,    α,    β
 0.600,     0.907,    [     0.000],    20.086


seed_val:    9
 0.824,     0.871,    [     0.000],    20.086
 0.824,     0.871,    [     0.000],    20.086
 0.824,     0.871,    [     0.000],    20.086
 0.824,     0.871,    [     0.000],    20.086
 0.824,     0.871,    [     0.000],    20.086
 0.824,     0.871,    [     0.000],    20.086
 0.824,     0.871,    [     0.000],    20.086
 0.824,     0.871,    [     0.000],    20.086
 0.824,     0.871,    [     0.000],    20.086
 0.824,     0.871,    [     0.000],    20.086
 0.824,     0.871,    [     0.000],    20.086
 0.824,     0.871,    [     0.000],    20.086
 0.824,     0.871,    [     0.000],    20.086
 0.824,     0.871,    [     0.000],    20.086
 0.824,     0.871,    [     0.000],    20.086

 pctg,    rr,    α,    β
 0.600,     0.902,    [     0.000],    20.086


seed_val:    10
 0.856,     0.910,    [     0.000],    20.086
 0.856,     0.910,    [     0.000],    20.086
 0.856,     0.910,    [     0.000],    20.086
 0.856,     0.910,    [     0.000],    20.086
 0.856,     0.910,    [     0.000],    20.086
 0.856,     0.910,    [     0.000],    20.086
 0.856,     0.910,    [     0.000],    20.086
 0.856,     0.910,    [     0.000],    20.086
 0.856,     0.910,    [     0.000],    20.086
 0.856,     0.910,    [     0.000],    20.086
 0.856,     0.910,    [     0.000],    20.086
 0.856,     0.910,    [     0.000],    20.086
 0.856,     0.910,    [     0.000],    20.086
 0.856,     0.910,    [     0.000],    20.086
 0.856,     0.910,    [     0.000],    20.086

 pctg,    rr,    α,    β
 0.600,     0.883,    [     0.000],    20.086

 trans: climate_2007_landT,     0.899 ±  0.016
 α, β: [     0.000] ± [     0.000], 20.086 ±  0.000


seed_val:    1
 0.856,     0.896,    [     0.000],    20.086
 0.856,     0.896,    [     0.000],    20.086
 0.856,     0.896,    [     0.000],    20.086
 0.856,     0.896,    [     0.000],    20.086
 0.856,     0.896,    [     0.000],    20.086
 0.856,     0.896,    [     0.000],    20.086
 0.856,     0.896,    [     0.000],    20.086
 0.856,     0.896,    [     0.000],    20.086
 0.856,     0.896,    [     0.000],    20.086
 0.856,     0.896,    [     0.000],    20.086
 0.856,     0.896,    [     0.000],    20.086
 0.856,     0.896,    [     0.000],    20.086
 0.856,     0.896,    [     0.000],    20.086
 0.856,     0.896,    [     0.000],    20.086
 0.856,     0.896,    [     0.000],    20.086

 pctg,    rr,    α,    β
 0.600,     0.881,    [     0.000],    20.086


seed_val:    2
 0.844,     0.891,    [     0.000],    20.086
 0.844,     0.891,    [     0.000],    20.086
 0.844,     0.891,    [     0.000],    20.086
 0.844,     0.891,    [     0.000],    20.086
 0.844,     0.891,    [     0.000],    20.086
 0.844,     0.891,    [     0.000],    20.086
 0.844,     0.891,    [     0.000],    20.086
 0.844,     0.891,    [     0.000],    20.086
 0.844,     0.891,    [     0.000],    20.086
 0.844,     0.891,    [     0.000],    20.086
 0.844,     0.891,    [     0.000],    20.086
 0.844,     0.891,    [     0.000],    20.086
 0.844,     0.891,    [     0.000],    20.086
 0.844,     0.891,    [     0.000],    20.086
 0.844,     0.891,    [     0.000],    20.086

 pctg,    rr,    α,    β
 0.600,     0.882,    [     0.000],    20.086


seed_val:    3
 0.832,     0.880,    [     0.000],    20.086
 0.832,     0.880,    [     0.000],    20.086
 0.832,     0.880,    [     0.000],    20.086
 0.832,     0.880,    [     0.000],    20.086
 0.832,     0.880,    [     0.000],    20.086
 0.832,     0.880,    [     0.000],    20.086
 0.832,     0.880,    [     0.000],    20.086
 0.832,     0.880,    [     0.000],    20.086
 0.832,     0.880,    [     0.000],    20.086
 0.832,     0.880,    [     0.000],    20.086
 0.832,     0.880,    [     0.000],    20.086
 0.832,     0.880,    [     0.000],    20.086
 0.832,     0.880,    [     0.000],    20.086
 0.832,     0.880,    [     0.000],    20.086
 0.832,     0.880,    [     0.000],    20.086

 pctg,    rr,    α,    β
 0.600,     0.891,    [     0.000],    20.086


seed_val:    4
 0.801,     0.908,    [     0.000],    20.086
 0.801,     0.908,    [     0.000],    20.086
 0.801,     0.908,    [     0.000],    20.086
 0.801,     0.908,    [     0.000],    20.086
 0.801,     0.908,    [     0.000],    20.086
 0.801,     0.908,    [     0.000],    20.086
 0.801,     0.908,    [     0.000],    20.086
 0.801,     0.908,    [     0.000],    20.086
 0.801,     0.908,    [     0.000],    20.086
 0.801,     0.908,    [     0.000],    20.086
 0.801,     0.908,    [     0.000],    20.086
 0.801,     0.908,    [     0.000],    20.086
 0.801,     0.908,    [     0.000],    20.086
 0.801,     0.908,    [     0.000],    20.086
 0.801,     0.908,    [     0.000],    20.086

 pctg,    rr,    α,    β
 0.600,     0.869,    [     0.000],    20.086


seed_val:    5
 0.812,     0.903,    [     0.000],    20.086
 0.812,     0.903,    [     0.000],    20.086
 0.812,     0.903,    [     0.000],    20.086
 0.812,     0.903,    [     0.000],    20.086
 0.812,     0.903,    [     0.000],    20.086
 0.812,     0.903,    [     0.000],    20.086
 0.812,     0.903,    [     0.000],    20.086
 0.812,     0.903,    [     0.000],    20.086
 0.812,     0.903,    [     0.000],    20.086
 0.812,     0.903,    [     0.000],    20.086
 0.812,     0.903,    [     0.000],    20.086
 0.812,     0.903,    [     0.000],    20.086
 0.812,     0.903,    [     0.000],    20.086
 0.812,     0.903,    [     0.000],    20.086
 0.812,     0.903,    [     0.000],    20.086

 pctg,    rr,    α,    β
 0.600,     0.898,    [     0.000],    20.086


seed_val:    6
 0.857,     0.881,    [     0.000],    20.086
 0.857,     0.881,    [     0.000],    20.086
 0.857,     0.881,    [     0.000],    20.086
 0.857,     0.881,    [     0.000],    20.086
 0.857,     0.881,    [     0.000],    20.086
 0.857,     0.881,    [     0.000],    20.086
 0.857,     0.881,    [     0.000],    20.086
 0.857,     0.881,    [     0.000],    20.086
 0.857,     0.881,    [     0.000],    20.086
 0.857,     0.881,    [     0.000],    20.086
 0.857,     0.881,    [     0.000],    20.086
 0.857,     0.881,    [     0.000],    20.086
 0.857,     0.881,    [     0.000],    20.086
 0.857,     0.881,    [     0.000],    20.086
 0.857,     0.881,    [     0.000],    20.086

 pctg,    rr,    α,    β
 0.600,     0.862,    [     0.000],    20.086


seed_val:    7
 0.830,     0.911,    [     0.000],    20.086
 0.830,     0.911,    [     0.000],    20.086
 0.830,     0.911,    [     0.000],    20.086
 0.830,     0.911,    [     0.000],    20.086
 0.830,     0.911,    [     0.000],    20.086
 0.830,     0.911,    [     0.000],    20.086
 0.830,     0.911,    [     0.000],    20.086
 0.830,     0.911,    [     0.000],    20.086
 0.830,     0.911,    [     0.000],    20.086
 0.830,     0.911,    [     0.000],    20.086
 0.830,     0.911,    [     0.000],    20.086
 0.830,     0.911,    [     0.000],    20.086
 0.830,     0.911,    [     0.000],    20.086
 0.830,     0.911,    [     0.000],    20.086
 0.830,     0.911,    [     0.000],    20.086

 pctg,    rr,    α,    β
 0.600,     0.880,    [     0.000],    20.086


seed_val:    8
 0.837,     0.863,    [     0.000],    20.086
 0.837,     0.863,    [     0.000],    20.086
 0.837,     0.863,    [     0.000],    20.086
 0.837,     0.863,    [     0.000],    20.086
 0.837,     0.863,    [     0.000],    20.086
 0.837,     0.863,    [     0.000],    20.086
 0.837,     0.863,    [     0.000],    20.086
 0.837,     0.863,    [     0.000],    20.086
 0.837,     0.863,    [     0.000],    20.086
 0.837,     0.863,    [     0.000],    20.086
 0.837,     0.863,    [     0.000],    20.086
 0.837,     0.863,    [     0.000],    20.086
 0.837,     0.863,    [     0.000],    20.086
 0.837,     0.863,    [     0.000],    20.086
 0.837,     0.863,    [     0.000],    20.086

 pctg,    rr,    α,    β
 0.600,     0.905,    [     0.000],    20.086


seed_val:    9
 0.816,     0.853,    [     0.000],    20.086
 0.816,     0.853,    [     0.000],    20.086
 0.816,     0.853,    [     0.000],    20.086
 0.816,     0.853,    [     0.000],    20.086
 0.816,     0.853,    [     0.000],    20.086
 0.816,     0.853,    [     0.000],    20.086
 0.816,     0.853,    [     0.000],    20.086
 0.816,     0.853,    [     0.000],    20.086
 0.816,     0.853,    [     0.000],    20.086
 0.816,     0.853,    [     0.000],    20.086
 0.816,     0.853,    [     0.000],    20.086
 0.816,     0.853,    [     0.000],    20.086
 0.816,     0.853,    [     0.000],    20.086
 0.816,     0.853,    [     0.000],    20.086
 0.816,     0.853,    [     0.000],    20.086

 pctg,    rr,    α,    β
 0.600,     0.893,    [     0.000],    20.086


seed_val:    10
 0.825,     0.888,    [     0.000],    20.086
 0.825,     0.888,    [     0.000],    20.086
 0.825,     0.888,    [     0.000],    20.086
 0.825,     0.888,    [     0.000],    20.086
 0.825,     0.888,    [     0.000],    20.086
 0.825,     0.888,    [     0.000],    20.086
 0.825,     0.888,    [     0.000],    20.086
 0.825,     0.888,    [     0.000],    20.086
 0.825,     0.888,    [     0.000],    20.086
 0.825,     0.888,    [     0.000],    20.086
 0.825,     0.888,    [     0.000],    20.086
 0.825,     0.888,    [     0.000],    20.086
 0.825,     0.888,    [     0.000],    20.086
 0.825,     0.888,    [     0.000],    20.086
 0.825,     0.888,    [     0.000],    20.086

 pctg,    rr,    α,    β
 0.600,     0.867,    [     0.000],    20.086

 trans: climate_2007_precipitation,     0.883 ±  0.014
 α, β: [     0.000] ± [     0.000], 20.086 ±  0.000


seed_val:    1
 0.943,     0.965,    [     0.000],    20.086
 0.943,     0.965,    [     0.000],    20.086
 0.943,     0.965,    [     0.000],    20.086
 0.943,     0.965,    [     0.000],    20.086
 0.943,     0.965,    [     0.000],    20.086
 0.943,     0.965,    [     0.000],    20.086
 0.943,     0.965,    [     0.000],    20.086
 0.943,     0.965,    [     0.000],    20.086
 0.943,     0.965,    [     0.000],    20.086
 0.943,     0.965,    [     0.000],    20.086
 0.943,     0.965,    [     0.000],    20.086
 0.943,     0.965,    [     0.000],    20.086
 0.943,     0.965,    [     0.000],    20.086
 0.943,     0.965,    [     0.000],    20.086
 0.943,     0.965,    [     0.000],    20.086

 pctg,    rr,    α,    β
 0.600,     0.958,    [     0.000],    20.086


seed_val:    2
 0.944,     0.968,    [     0.000],    20.086
 0.944,     0.968,    [     0.000],    20.086
 0.944,     0.968,    [     0.000],    20.086
 0.944,     0.968,    [     0.000],    20.086
 0.944,     0.968,    [     0.000],    20.086
 0.944,     0.968,    [     0.000],    20.086
 0.944,     0.968,    [     0.000],    20.086
 0.944,     0.968,    [     0.000],    20.086
 0.944,     0.968,    [     0.000],    20.086
 0.944,     0.968,    [     0.000],    20.086
 0.944,     0.968,    [     0.000],    20.086
 0.944,     0.968,    [     0.000],    20.086
 0.944,     0.968,    [     0.000],    20.086
 0.944,     0.968,    [     0.000],    20.086
 0.944,     0.968,    [     0.000],    20.086

 pctg,    rr,    α,    β
 0.600,     0.953,    [     0.000],    20.086


seed_val:    3
 0.944,     0.963,    [     0.000],    20.086
 0.944,     0.963,    [     0.000],    20.086
 0.944,     0.963,    [     0.000],    20.086
 0.944,     0.963,    [     0.000],    20.086
 0.944,     0.963,    [     0.000],    20.086
 0.944,     0.963,    [     0.000],    20.086
 0.944,     0.963,    [     0.000],    20.086
 0.944,     0.963,    [     0.000],    20.086
 0.944,     0.963,    [     0.000],    20.086
 0.944,     0.963,    [     0.000],    20.086
 0.944,     0.963,    [     0.000],    20.086
 0.944,     0.963,    [     0.000],    20.086
 0.944,     0.963,    [     0.000],    20.086
 0.944,     0.963,    [     0.000],    20.086
 0.944,     0.963,    [     0.000],    20.086

 pctg,    rr,    α,    β
 0.600,     0.960,    [     0.000],    20.086


seed_val:    4
 0.936,     0.962,    [     0.000],    20.086
 0.936,     0.962,    [     0.000],    20.086
 0.936,     0.962,    [     0.000],    20.086
 0.936,     0.962,    [     0.000],    20.086
 0.936,     0.962,    [     0.000],    20.086
 0.936,     0.962,    [     0.000],    20.086
 0.936,     0.962,    [     0.000],    20.086
 0.936,     0.962,    [     0.000],    20.086
 0.936,     0.962,    [     0.000],    20.086
 0.936,     0.962,    [     0.000],    20.086
 0.936,     0.962,    [     0.000],    20.086
 0.936,     0.962,    [     0.000],    20.086
 0.936,     0.962,    [     0.000],    20.086
 0.936,     0.962,    [     0.000],    20.086
 0.936,     0.962,    [     0.000],    20.086

 pctg,    rr,    α,    β
 0.600,     0.965,    [     0.000],    20.086


seed_val:    5
 0.935,     0.958,    [     0.000],    20.086
 0.935,     0.958,    [     0.000],    20.086
 0.935,     0.958,    [     0.000],    20.086
 0.935,     0.958,    [     0.000],    20.086
 0.935,     0.958,    [     0.000],    20.086
 0.935,     0.958,    [     0.000],    20.086
 0.935,     0.958,    [     0.000],    20.086
 0.935,     0.958,    [     0.000],    20.086
 0.935,     0.958,    [     0.000],    20.086
 0.935,     0.958,    [     0.000],    20.086
 0.935,     0.958,    [     0.000],    20.086
 0.935,     0.958,    [     0.000],    20.086
 0.935,     0.958,    [     0.000],    20.086
 0.935,     0.958,    [     0.000],    20.086
 0.935,     0.958,    [     0.000],    20.086

 pctg,    rr,    α,    β
 0.600,     0.957,    [     0.000],    20.086


seed_val:    6
 0.947,     0.953,    [     0.000],    20.086
 0.947,     0.953,    [     0.000],    20.086
 0.947,     0.953,    [     0.000],    20.086
 0.947,     0.953,    [     0.000],    20.086
 0.947,     0.953,    [     0.000],    20.086
 0.947,     0.953,    [     0.000],    20.086
 0.947,     0.953,    [     0.000],    20.086
 0.947,     0.953,    [     0.000],    20.086
 0.947,     0.953,    [     0.000],    20.086
 0.947,     0.953,    [     0.000],    20.086
 0.947,     0.953,    [     0.000],    20.086
 0.947,     0.953,    [     0.000],    20.086
 0.947,     0.953,    [     0.000],    20.086
 0.947,     0.953,    [     0.000],    20.086
 0.947,     0.953,    [     0.000],    20.086

 pctg,    rr,    α,    β
 0.600,     0.955,    [     0.000],    20.086


seed_val:    7
 0.941,     0.968,    [     0.000],    20.086
 0.941,     0.968,    [     0.000],    20.086
 0.941,     0.968,    [     0.000],    20.086
 0.941,     0.968,    [     0.000],    20.086
 0.941,     0.968,    [     0.000],    20.086
 0.941,     0.968,    [     0.000],    20.086
 0.941,     0.968,    [     0.000],    20.086
 0.941,     0.968,    [     0.000],    20.086
 0.941,     0.968,    [     0.000],    20.086
 0.941,     0.968,    [     0.000],    20.086
 0.941,     0.968,    [     0.000],    20.086
 0.941,     0.968,    [     0.000],    20.086
 0.941,     0.968,    [     0.000],    20.086
 0.941,     0.968,    [     0.000],    20.086
 0.941,     0.968,    [     0.000],    20.086

 pctg,    rr,    α,    β
 0.600,     0.952,    [     0.000],    20.086


seed_val:    8
 0.934,     0.961,    [     0.000],    20.086
 0.934,     0.961,    [     0.000],    20.086
 0.934,     0.961,    [     0.000],    20.086
 0.934,     0.961,    [     0.000],    20.086
 0.934,     0.961,    [     0.000],    20.086
 0.934,     0.961,    [     0.000],    20.086
 0.934,     0.961,    [     0.000],    20.086
 0.934,     0.961,    [     0.000],    20.086
 0.934,     0.961,    [     0.000],    20.086
 0.934,     0.961,    [     0.000],    20.086
 0.934,     0.961,    [     0.000],    20.086
 0.934,     0.961,    [     0.000],    20.086
 0.934,     0.961,    [     0.000],    20.086
 0.934,     0.961,    [     0.000],    20.086
 0.934,     0.961,    [     0.000],    20.086

 pctg,    rr,    α,    β
 0.600,     0.965,    [     0.000],    20.086


seed_val:    9
 0.932,     0.962,    [     0.000],    20.086
 0.932,     0.962,    [     0.000],    20.086
 0.932,     0.962,    [     0.000],    20.086
 0.932,     0.962,    [     0.000],    20.086
 0.932,     0.962,    [     0.000],    20.086
 0.932,     0.962,    [     0.000],    20.086
 0.932,     0.962,    [     0.000],    20.086
 0.932,     0.962,    [     0.000],    20.086
 0.932,     0.962,    [     0.000],    20.086
 0.932,     0.962,    [     0.000],    20.086
 0.932,     0.962,    [     0.000],    20.086
 0.932,     0.962,    [     0.000],    20.086
 0.932,     0.962,    [     0.000],    20.086
 0.932,     0.962,    [     0.000],    20.086
 0.932,     0.962,    [     0.000],    20.086

 pctg,    rr,    α,    β
 0.600,     0.965,    [     0.000],    20.086


seed_val:    10
 0.942,     0.961,    [     0.000],    20.086
 0.942,     0.961,    [     0.000],    20.086
 0.942,     0.961,    [     0.000],    20.086
 0.942,     0.961,    [     0.000],    20.086
 0.942,     0.961,    [     0.000],    20.086
 0.942,     0.961,    [     0.000],    20.086
 0.942,     0.961,    [     0.000],    20.086
 0.942,     0.961,    [     0.000],    20.086
 0.942,     0.961,    [     0.000],    20.086
 0.942,     0.961,    [     0.000],    20.086
 0.942,     0.961,    [     0.000],    20.086
 0.942,     0.961,    [     0.000],    20.086
 0.942,     0.961,    [     0.000],    20.086
 0.942,     0.961,    [     0.000],    20.086
 0.942,     0.961,    [     0.000],    20.086

 pctg,    rr,    α,    β
 0.600,     0.959,    [     0.000],    20.086

 trans: climate_2007_sunlight,     0.959 ±  0.005
 α, β: [     0.000] ± [     0.000], 20.086 ±  0.000


seed_val:    1
 0.955,     0.975,    [     0.000],    20.086
 0.955,     0.975,    [     0.000],    20.086
 0.955,     0.975,    [     0.000],    20.086
 0.955,     0.975,    [     0.000],    20.086
 0.955,     0.975,    [     0.000],    20.086
 0.955,     0.975,    [     0.000],    20.086
 0.955,     0.975,    [     0.000],    20.086
 0.955,     0.975,    [     0.000],    20.086
 0.955,     0.975,    [     0.000],    20.086
 0.955,     0.975,    [     0.000],    20.086
 0.955,     0.975,    [     0.000],    20.086
 0.955,     0.975,    [     0.000],    20.086
 0.955,     0.975,    [     0.000],    20.086
 0.955,     0.975,    [     0.000],    20.086
 0.955,     0.975,    [     0.000],    20.086

 pctg,    rr,    α,    β
 0.600,     0.969,    [     0.000],    20.086


seed_val:    2
 0.946,     0.976,    [     0.000],    20.086
 0.946,     0.976,    [     0.000],    20.086
 0.946,     0.976,    [     0.000],    20.086
 0.946,     0.976,    [     0.000],    20.086
 0.946,     0.976,    [     0.000],    20.086
 0.946,     0.976,    [     0.000],    20.086
 0.946,     0.976,    [     0.000],    20.086
 0.946,     0.976,    [     0.000],    20.086
 0.946,     0.976,    [     0.000],    20.086
 0.946,     0.976,    [     0.000],    20.086
 0.946,     0.976,    [     0.000],    20.086
 0.946,     0.976,    [     0.000],    20.086
 0.946,     0.976,    [     0.000],    20.086
 0.946,     0.976,    [     0.000],    20.086
 0.946,     0.976,    [     0.000],    20.086

 pctg,    rr,    α,    β
 0.600,     0.972,    [     0.000],    20.086


seed_val:    3
 0.955,     0.970,    [     0.000],    20.086
 0.955,     0.970,    [     0.000],    20.086
 0.955,     0.970,    [     0.000],    20.086
 0.955,     0.970,    [     0.000],    20.086
 0.955,     0.970,    [     0.000],    20.086
 0.955,     0.970,    [     0.000],    20.086
 0.955,     0.970,    [     0.000],    20.086
 0.955,     0.970,    [     0.000],    20.086
 0.955,     0.970,    [     0.000],    20.086
 0.955,     0.970,    [     0.000],    20.086
 0.955,     0.970,    [     0.000],    20.086
 0.955,     0.970,    [     0.000],    20.086
 0.955,     0.970,    [     0.000],    20.086
 0.955,     0.970,    [     0.000],    20.086
 0.955,     0.970,    [     0.000],    20.086

 pctg,    rr,    α,    β
 0.600,     0.971,    [     0.000],    20.086


seed_val:    4
 0.953,     0.976,    [     0.000],    20.086
 0.953,     0.976,    [     0.000],    20.086
 0.953,     0.976,    [     0.000],    20.086
 0.953,     0.976,    [     0.000],    20.086
 0.953,     0.976,    [     0.000],    20.086
 0.953,     0.976,    [     0.000],    20.086
 0.953,     0.976,    [     0.000],    20.086
 0.953,     0.976,    [     0.000],    20.086
 0.953,     0.976,    [     0.000],    20.086
 0.953,     0.976,    [     0.000],    20.086
 0.953,     0.976,    [     0.000],    20.086
 0.953,     0.976,    [     0.000],    20.086
 0.953,     0.976,    [     0.000],    20.086
 0.953,     0.976,    [     0.000],    20.086
 0.953,     0.976,    [     0.000],    20.086

 pctg,    rr,    α,    β
 0.600,     0.977,    [     0.000],    20.086


seed_val:    5
 0.950,     0.976,    [     0.000],    20.086
 0.950,     0.976,    [     0.000],    20.086
 0.950,     0.976,    [     0.000],    20.086
 0.950,     0.976,    [     0.000],    20.086
 0.950,     0.976,    [     0.000],    20.086
 0.950,     0.976,    [     0.000],    20.086
 0.950,     0.976,    [     0.000],    20.086
 0.950,     0.976,    [     0.000],    20.086
 0.950,     0.976,    [     0.000],    20.086
 0.950,     0.976,    [     0.000],    20.086
 0.950,     0.976,    [     0.000],    20.086
 0.950,     0.976,    [     0.000],    20.086
 0.950,     0.976,    [     0.000],    20.086
 0.950,     0.976,    [     0.000],    20.086
 0.950,     0.976,    [     0.000],    20.086

 pctg,    rr,    α,    β
 0.600,     0.973,    [     0.000],    20.086


seed_val:    6
 0.953,     0.974,    [     0.000],    20.086
 0.953,     0.974,    [     0.000],    20.086
 0.953,     0.974,    [     0.000],    20.086
 0.953,     0.974,    [     0.000],    20.086
 0.953,     0.974,    [     0.000],    20.086
 0.953,     0.974,    [     0.000],    20.086
 0.953,     0.974,    [     0.000],    20.086
 0.953,     0.974,    [     0.000],    20.086
 0.953,     0.974,    [     0.000],    20.086
 0.953,     0.974,    [     0.000],    20.086
 0.953,     0.974,    [     0.000],    20.086
 0.953,     0.974,    [     0.000],    20.086
 0.953,     0.974,    [     0.000],    20.086
 0.953,     0.974,    [     0.000],    20.086
 0.953,     0.974,    [     0.000],    20.086

 pctg,    rr,    α,    β
 0.600,     0.974,    [     0.000],    20.086


seed_val:    7
 0.944,     0.974,    [     0.000],    20.086
 0.944,     0.974,    [     0.000],    20.086
 0.944,     0.974,    [     0.000],    20.086
 0.944,     0.974,    [     0.000],    20.086
 0.944,     0.974,    [     0.000],    20.086
 0.944,     0.974,    [     0.000],    20.086
 0.944,     0.974,    [     0.000],    20.086
 0.944,     0.974,    [     0.000],    20.086
 0.944,     0.974,    [     0.000],    20.086
 0.944,     0.974,    [     0.000],    20.086
 0.944,     0.974,    [     0.000],    20.086
 0.944,     0.974,    [     0.000],    20.086
 0.944,     0.974,    [     0.000],    20.086
 0.944,     0.974,    [     0.000],    20.086
 0.944,     0.974,    [     0.000],    20.086

 pctg,    rr,    α,    β
 0.600,     0.977,    [     0.000],    20.086


seed_val:    8
 0.944,     0.973,    [     0.000],    20.086
 0.944,     0.973,    [     0.000],    20.086
 0.944,     0.973,    [     0.000],    20.086
 0.944,     0.973,    [     0.000],    20.086
 0.944,     0.973,    [     0.000],    20.086
 0.944,     0.973,    [     0.000],    20.086
 0.944,     0.973,    [     0.000],    20.086
 0.944,     0.973,    [     0.000],    20.086
 0.944,     0.973,    [     0.000],    20.086
 0.944,     0.973,    [     0.000],    20.086
 0.944,     0.973,    [     0.000],    20.086
 0.944,     0.973,    [     0.000],    20.086
 0.944,     0.973,    [     0.000],    20.086
 0.944,     0.973,    [     0.000],    20.086
 0.944,     0.973,    [     0.000],    20.086

 pctg,    rr,    α,    β
 0.600,     0.975,    [     0.000],    20.086


seed_val:    9
 0.952,     0.969,    [     0.000],    20.086
 0.952,     0.969,    [     0.000],    20.086
 0.952,     0.969,    [     0.000],    20.086
 0.952,     0.969,    [     0.000],    20.086
 0.952,     0.969,    [     0.000],    20.086
 0.952,     0.969,    [     0.000],    20.086
 0.952,     0.969,    [     0.000],    20.086
 0.952,     0.969,    [     0.000],    20.086
 0.952,     0.969,    [     0.000],    20.086
 0.952,     0.969,    [     0.000],    20.086
 0.952,     0.969,    [     0.000],    20.086
 0.952,     0.969,    [     0.000],    20.086
 0.952,     0.969,    [     0.000],    20.086
 0.952,     0.969,    [     0.000],    20.086
 0.952,     0.969,    [     0.000],    20.086

 pctg,    rr,    α,    β
 0.600,     0.974,    [     0.000],    20.086


seed_val:    10
 0.956,     0.973,    [     0.000],    20.086
 0.956,     0.973,    [     0.000],    20.086
 0.956,     0.973,    [     0.000],    20.086
 0.956,     0.973,    [     0.000],    20.086
 0.956,     0.973,    [     0.000],    20.086
 0.956,     0.973,    [     0.000],    20.086
 0.956,     0.973,    [     0.000],    20.086
 0.956,     0.973,    [     0.000],    20.086
 0.956,     0.973,    [     0.000],    20.086
 0.956,     0.973,    [     0.000],    20.086
 0.956,     0.973,    [     0.000],    20.086
 0.956,     0.973,    [     0.000],    20.086
 0.956,     0.973,    [     0.000],    20.086
 0.956,     0.973,    [     0.000],    20.086
 0.956,     0.973,    [     0.000],    20.086

 pctg,    rr,    α,    β
 0.600,     0.971,    [     0.000],    20.086

 trans: climate_2007_pm2.5,     0.973 ±  0.003
 α, β: [     0.000] ± [     0.000], 20.086 ±  0.000