seed_val:    1
 0.955,     0.969,    [     0.000],    20.086
 0.962,     0.971,    [     0.000],    20.086
 0.964,     0.972,    [     0.000],    20.086
 0.966,     0.972,    [     0.000],    20.086
 0.967,     0.973,    [     0.000],    20.086
 0.968,     0.973,    [     0.000],    20.086
 0.968,     0.973,    [     0.000],    20.086
 0.968,     0.973,    [     0.000],    20.086
 0.969,     0.973,    [     0.000],    20.086
 0.970,     0.974,    [     0.000],    20.086
 0.969,     0.973,    [     0.000],    20.086
 0.970,     0.973,    [     0.000],    20.086
 0.970,     0.974,    [     0.000],    20.086
 0.971,     0.974,    [     0.000],    20.086
 0.971,     0.973,    [     0.000],    20.086

 pctg,    rr,    α,    β
 0.600,     0.980,    [     0.000],    20.086


seed_val:    2
 0.960,     0.973,    [     0.000],    20.086
 0.962,     0.974,    [     0.000],    20.086
 0.960,     0.977,    [     0.000],    20.086
 0.963,     0.977,    [     0.000],    20.086
 0.964,     0.978,    [     0.000],    20.086
 0.966,     0.979,    [     0.000],    20.086
 0.966,     0.979,    [     0.000],    20.086
 0.967,     0.979,    [     0.000],    20.086
 0.968,     0.979,    [     0.000],    20.086
 0.968,     0.980,    [     0.000],    20.086
 0.968,     0.979,    [     0.000],    20.086
 0.969,     0.980,    [     0.000],    20.086
 0.969,     0.979,    [     0.000],    20.086
 0.969,     0.980,    [     0.000],    20.086
 0.970,     0.980,    [     0.000],    20.086

 pctg,    rr,    α,    β
 0.600,     0.974,    [     0.000],    20.086


seed_val:    3
 0.935,     0.963,    [     0.000],    20.086
 0.956,     0.973,    [     0.000],    20.086
 0.960,     0.975,    [     0.000],    20.086
 0.962,     0.976,    [     0.000],    20.086
 0.963,     0.976,    [     0.000],    20.086
 0.965,     0.977,    [     0.000],    20.086
 0.966,     0.977,    [     0.000],    20.086
 0.966,     0.977,    [     0.000],    20.086
 0.966,     0.977,    [     0.000],    20.086
 0.966,     0.977,    [     0.000],    20.086
 0.966,     0.977,    [     0.000],    20.086
 0.967,     0.977,    [     0.000],    20.086
 0.967,     0.977,    [     0.000],    20.086
 0.967,     0.978,    [     0.000],    20.086
 0.967,     0.977,    [     0.000],    20.086

 pctg,    rr,    α,    β
 0.600,     0.974,    [     0.000],    20.086


seed_val:    4
 0.949,     0.969,    [     0.000],    20.086
 0.955,     0.977,    [     0.000],    20.086
 0.962,     0.978,    [     0.000],    20.086
 0.965,     0.979,    [     0.000],    20.086
 0.966,     0.979,    [     0.000],    20.086
 0.966,     0.977,    [     0.000],    20.086
 0.967,     0.977,    [     0.000],    20.086
 0.967,     0.976,    [     0.000],    20.086
 0.968,     0.977,    [     0.000],    20.086
 0.968,     0.976,    [     0.000],    20.086
 0.967,     0.975,    [     0.000],    20.086
 0.968,     0.976,    [     0.000],    20.086
 0.968,     0.975,    [     0.000],    20.086
 0.969,     0.975,    [     0.000],    20.086
 0.968,     0.975,    [     0.000],    20.086

 pctg,    rr,    α,    β
 0.600,     0.977,    [     0.000],    20.086


seed_val:    5
 0.962,     0.978,    [     0.000],    20.086
 0.963,     0.977,    [     0.000],    20.086
 0.966,     0.977,    [     0.000],    20.086
 0.965,     0.975,    [     0.000],    20.086
 0.967,     0.977,    [     0.000],    20.086
 0.969,     0.977,    [     0.000],    20.086
 0.969,     0.977,    [     0.000],    20.086
 0.969,     0.977,    [     0.000],    20.086
 0.971,     0.977,    [     0.000],    20.086
 0.970,     0.977,    [     0.000],    20.086
 0.970,     0.976,    [     0.000],    20.086
 0.972,     0.977,    [     0.000],    20.086
 0.972,     0.977,    [     0.000],    20.086
 0.972,     0.977,    [     0.000],    20.086
 0.972,     0.977,    [     0.000],    20.086

 pctg,    rr,    α,    β
 0.600,     0.976,    [     0.000],    20.086


seed_val:    6
 0.939,     0.954,    [     0.000],    20.086
 0.958,     0.962,    [     0.000],    20.086
 0.965,     0.967,    [     0.000],    20.086
 0.968,     0.971,    [     0.000],    20.086
 0.970,     0.973,    [     0.000],    20.086
 0.970,     0.974,    [     0.000],    20.086
 0.971,     0.975,    [     0.000],    20.086
 0.971,     0.975,    [     0.000],    20.086
 0.970,     0.975,    [     0.000],    20.086
 0.971,     0.975,    [     0.000],    20.086
 0.971,     0.976,    [     0.000],    20.086
 0.971,     0.976,    [     0.000],    20.086
 0.972,     0.977,    [     0.000],    20.086
 0.972,     0.977,    [     0.000],    20.086
 0.971,     0.977,    [     0.000],    20.086

 pctg,    rr,    α,    β
 0.600,     0.972,    [     0.000],    20.086


seed_val:    7
 0.932,     0.953,    [     0.000],    20.086
 0.947,     0.968,    [     0.000],    20.086
 0.955,     0.968,    [     0.000],    20.086
 0.961,     0.970,    [     0.000],    20.086
 0.964,     0.973,    [     0.000],    20.086
 0.966,     0.973,    [     0.000],    20.086
 0.967,     0.974,    [     0.000],    20.086
 0.968,     0.975,    [     0.000],    20.086
 0.969,     0.976,    [     0.000],    20.086
 0.970,     0.976,    [     0.000],    20.086
 0.970,     0.977,    [     0.000],    20.086
 0.971,     0.977,    [     0.000],    20.086
 0.972,     0.977,    [     0.000],    20.086
 0.971,     0.977,    [     0.000],    20.086
 0.972,     0.978,    [     0.000],    20.086

 pctg,    rr,    α,    β
 0.600,     0.970,    [     0.000],    20.086


seed_val:    8
 0.960,     0.970,    [     0.000],    20.086
 0.958,     0.970,    [     0.000],    20.086
 0.964,     0.973,    [     0.000],    20.086
 0.965,     0.973,    [     0.000],    20.086
 0.967,     0.974,    [     0.000],    20.086
 0.968,     0.974,    [     0.000],    20.086
 0.969,     0.974,    [     0.000],    20.086
 0.969,     0.974,    [     0.000],    20.086
 0.969,     0.974,    [     0.000],    20.086
 0.970,     0.974,    [     0.000],    20.086
 0.969,     0.974,    [     0.000],    20.086
 0.970,     0.974,    [     0.000],    20.086
 0.972,     0.975,    [     0.000],    20.086
 0.970,     0.974,    [     0.000],    20.086
 0.972,     0.974,    [     0.000],    20.086

 pctg,    rr,    α,    β
 0.600,     0.978,    [     0.000],    20.086


seed_val:    9
 0.953,     0.977,    [     0.000],    20.086
 0.951,     0.977,    [     0.000],    20.086
 0.955,     0.979,    [     0.000],    20.086
 0.957,     0.979,    [     0.000],    20.086
 0.959,     0.979,    [     0.000],    20.086
 0.959,     0.979,    [     0.000],    20.086
 0.960,     0.979,    [     0.000],    20.086
 0.960,     0.979,    [     0.000],    20.086
 0.961,     0.978,    [     0.000],    20.086
 0.960,     0.978,    [     0.000],    20.086
 0.960,     0.978,    [     0.000],    20.086
 0.960,     0.977,    [     0.000],    20.086
 0.961,     0.977,    [     0.000],    20.086
 0.961,     0.978,    [     0.000],    20.086
 0.961,     0.977,    [     0.000],    20.086

 pctg,    rr,    α,    β
 0.600,     0.976,    [     0.000],    20.086


seed_val:    10
 0.959,     0.970,    [     0.000],    20.086
 0.961,     0.973,    [     0.000],    20.086
 0.963,     0.973,    [     0.000],    20.086
 0.965,     0.973,    [     0.000],    20.086
 0.966,     0.974,    [     0.000],    20.086
 0.967,     0.973,    [     0.000],    20.086
 0.968,     0.975,    [     0.000],    20.086
 0.968,     0.975,    [     0.000],    20.086
 0.968,     0.975,    [     0.000],    20.086
 0.968,     0.975,    [     0.000],    20.086
 0.969,     0.975,    [     0.000],    20.086
 0.969,     0.975,    [     0.000],    20.086
 0.969,     0.976,    [     0.000],    20.086
 0.970,     0.976,    [     0.000],    20.086
 0.970,     0.976,    [     0.000],    20.086

 pctg,    rr,    α,    β
 0.600,     0.978,    [     0.000],    20.086

 trans: climate_2007_airT,     0.976 ±  0.003
 α, β: [     0.000] ± [     0.000], 20.086 ±  0.000


seed_val:    1
 0.937,     0.951,    [     0.000],    20.086
 0.945,     0.958,    [     0.000],    20.086
 0.947,     0.960,    [     0.000],    20.086
 0.949,     0.959,    [     0.000],    20.086
 0.950,     0.958,    [     0.000],    20.086
 0.951,     0.958,    [     0.000],    20.086
 0.951,     0.958,    [     0.000],    20.086
 0.952,     0.957,    [     0.000],    20.086
 0.951,     0.957,    [     0.000],    20.086
 0.951,     0.956,    [     0.000],    20.086
 0.952,     0.956,    [     0.000],    20.086
 0.952,     0.955,    [     0.000],    20.086
 0.952,     0.956,    [     0.000],    20.086
 0.953,     0.955,    [     0.000],    20.086
 0.952,     0.955,    [     0.000],    20.086

 pctg,    rr,    α,    β
 0.600,     0.967,    [     0.000],    20.086


seed_val:    2
 0.880,     0.928,    [     0.000],    20.086
 0.909,     0.941,    [     0.000],    20.086
 0.935,     0.952,    [     0.000],    20.086
 0.940,     0.955,    [     0.000],    20.086
 0.942,     0.957,    [     0.000],    20.086
 0.944,     0.958,    [     0.000],    20.086
 0.944,     0.957,    [     0.000],    20.086
 0.945,     0.958,    [     0.000],    20.086
 0.946,     0.957,    [     0.000],    20.086
 0.947,     0.957,    [     0.000],    20.086
 0.947,     0.957,    [     0.000],    20.086
 0.948,     0.958,    [     0.000],    20.086
 0.948,     0.958,    [     0.000],    20.086
 0.949,     0.959,    [     0.000],    20.086
 0.949,     0.959,    [     0.000],    20.086

 pctg,    rr,    α,    β
 0.600,     0.972,    [     0.000],    20.086


seed_val:    3
 0.861,     0.933,    [     0.000],    20.086
 0.931,     0.960,    [     0.000],    20.086
 0.943,     0.962,    [     0.000],    20.086
 0.945,     0.964,    [     0.000],    20.086
 0.947,     0.964,    [     0.000],    20.086
 0.948,     0.965,    [     0.000],    20.086
 0.947,     0.964,    [     0.000],    20.086
 0.948,     0.965,    [     0.000],    20.086
 0.949,     0.966,    [     0.000],    20.086
 0.949,     0.966,    [     0.000],    20.086
 0.949,     0.965,    [     0.000],    20.086
 0.949,     0.965,    [     0.000],    20.086
 0.949,     0.965,    [     0.000],    20.086
 0.950,     0.966,    [     0.000],    20.086
 0.950,     0.966,    [     0.000],    20.086

 pctg,    rr,    α,    β
 0.600,     0.961,    [     0.000],    20.086


seed_val:    4
 0.927,     0.954,    [     0.000],    20.086
 0.944,     0.966,    [     0.000],    20.086
 0.947,     0.967,    [     0.000],    20.086
 0.948,     0.967,    [     0.000],    20.086
 0.948,     0.966,    [     0.000],    20.086
 0.949,     0.965,    [     0.000],    20.086
 0.949,     0.964,    [     0.000],    20.086
 0.951,     0.964,    [     0.000],    20.086
 0.950,     0.963,    [     0.000],    20.086
 0.952,     0.963,    [     0.000],    20.086
 0.950,     0.963,    [     0.000],    20.086
 0.952,     0.963,    [     0.000],    20.086
 0.951,     0.962,    [     0.000],    20.086
 0.952,     0.963,    [     0.000],    20.086
 0.952,     0.963,    [     0.000],    20.086

 pctg,    rr,    α,    β
 0.600,     0.950,    [     0.000],    20.086


seed_val:    5
 0.939,     0.960,    [     0.000],    20.086
 0.946,     0.966,    [     0.000],    20.086
 0.947,     0.967,    [     0.000],    20.086
 0.948,     0.967,    [     0.000],    20.086
 0.948,     0.967,    [     0.000],    20.086
 0.949,     0.968,    [     0.000],    20.086
 0.947,     0.966,    [     0.000],    20.086
 0.949,     0.967,    [     0.000],    20.086
 0.950,     0.967,    [     0.000],    20.086
 0.950,     0.967,    [     0.000],    20.086
 0.950,     0.966,    [     0.000],    20.086
 0.951,     0.966,    [     0.000],    20.086
 0.951,     0.966,    [     0.000],    20.086
 0.951,     0.965,    [     0.000],    20.086
 0.952,     0.965,    [     0.000],    20.086

 pctg,    rr,    α,    β
 0.600,     0.961,    [     0.000],    20.086


seed_val:    6
 0.881,     0.935,    [     0.000],    20.086
 0.925,     0.960,    [     0.000],    20.086
 0.941,     0.966,    [     0.000],    20.086
 0.945,     0.967,    [     0.000],    20.086
 0.947,     0.968,    [     0.000],    20.086
 0.947,     0.968,    [     0.000],    20.086
 0.949,     0.967,    [     0.000],    20.086
 0.948,     0.967,    [     0.000],    20.086
 0.949,     0.967,    [     0.000],    20.086
 0.949,     0.966,    [     0.000],    20.086
 0.949,     0.966,    [     0.000],    20.086
 0.950,     0.966,    [     0.000],    20.086
 0.950,     0.966,    [     0.000],    20.086
 0.950,     0.965,    [     0.000],    20.086
 0.949,     0.964,    [     0.000],    20.086

 pctg,    rr,    α,    β
 0.600,     0.960,    [     0.000],    20.086


seed_val:    7
 0.900,     0.939,    [     0.000],    20.086
 0.922,     0.952,    [     0.000],    20.086
 0.928,     0.952,    [     0.000],    20.086
 0.933,     0.951,    [     0.000],    20.086
 0.937,     0.951,    [     0.000],    20.086
 0.941,     0.952,    [     0.000],    20.086
 0.943,     0.951,    [     0.000],    20.086
 0.943,     0.950,    [     0.000],    20.086
 0.945,     0.951,    [     0.000],    20.086
 0.947,     0.951,    [     0.000],    20.086
 0.948,     0.952,    [     0.000],    20.086
 0.948,     0.951,    [     0.000],    20.086
 0.948,     0.951,    [     0.000],    20.086
 0.950,     0.952,    [     0.000],    20.086
 0.950,     0.952,    [     0.000],    20.086

 pctg,    rr,    α,    β
 0.600,     0.950,    [     0.000],    20.086


seed_val:    8
 0.931,     0.951,    [     0.000],    20.086
 0.941,     0.955,    [     0.000],    20.086
 0.944,     0.956,    [     0.000],    20.086
 0.946,     0.957,    [     0.000],    20.086
 0.948,     0.958,    [     0.000],    20.086
 0.950,     0.959,    [     0.000],    20.086
 0.950,     0.959,    [     0.000],    20.086
 0.950,     0.958,    [     0.000],    20.086
 0.950,     0.958,    [     0.000],    20.086
 0.951,     0.958,    [     0.000],    20.086
 0.951,     0.958,    [     0.000],    20.086
 0.952,     0.958,    [     0.000],    20.086
 0.952,     0.958,    [     0.000],    20.086
 0.952,     0.958,    [     0.000],    20.086
 0.952,     0.957,    [     0.000],    20.086

 pctg,    rr,    α,    β
 0.600,     0.966,    [     0.000],    20.086


seed_val:    9
 0.902,     0.927,    [     0.000],    20.086
 0.940,     0.960,    [     0.000],    20.086
 0.943,     0.965,    [     0.000],    20.086
 0.942,     0.964,    [     0.000],    20.086
 0.942,     0.963,    [     0.000],    20.086
 0.942,     0.962,    [     0.000],    20.086
 0.941,     0.961,    [     0.000],    20.086
 0.939,     0.960,    [     0.000],    20.086
 0.940,     0.960,    [     0.000],    20.086
 0.940,     0.960,    [     0.000],    20.086
 0.940,     0.960,    [     0.000],    20.086
 0.938,     0.959,    [     0.000],    20.086
 0.940,     0.958,    [     0.000],    20.086
 0.940,     0.958,    [     0.000],    20.086
 0.940,     0.958,    [     0.000],    20.086

 pctg,    rr,    α,    β
 0.600,     0.958,    [     0.000],    20.086


seed_val:    10
 0.937,     0.952,    [     0.000],    20.086
 0.953,     0.962,    [     0.000],    20.086
 0.954,     0.962,    [     0.000],    20.086
 0.954,     0.962,    [     0.000],    20.086
 0.954,     0.962,    [     0.000],    20.086
 0.954,     0.962,    [     0.000],    20.086
 0.955,     0.963,    [     0.000],    20.086
 0.955,     0.963,    [     0.000],    20.086
 0.955,     0.963,    [     0.000],    20.086
 0.956,     0.963,    [     0.000],    20.086
 0.956,     0.963,    [     0.000],    20.086
 0.956,     0.963,    [     0.000],    20.086
 0.955,     0.963,    [     0.000],    20.086
 0.955,     0.963,    [     0.000],    20.086
 0.956,     0.963,    [     0.000],    20.086

 pctg,    rr,    α,    β
 0.600,     0.959,    [     0.000],    20.086

 trans: climate_2007_landT,     0.961 ±  0.007
 α, β: [     0.000] ± [     0.000], 20.086 ±  0.000


seed_val:    1
 0.879,     0.918,    [     0.000],    20.086
 0.867,     0.912,    [     0.000],    20.086
 0.865,     0.910,    [     0.000],    20.086
 0.864,     0.908,    [     0.000],    20.086
 0.864,     0.905,    [     0.000],    20.086
 0.865,     0.904,    [     0.000],    20.086
 0.868,     0.904,    [     0.000],    20.086
 0.870,     0.903,    [     0.000],    20.086
 0.868,     0.901,    [     0.000],    20.086
 0.871,     0.904,    [     0.000],    20.086
 0.869,     0.902,    [     0.000],    20.086
 0.871,     0.900,    [     0.000],    20.086
 0.871,     0.901,    [     0.000],    20.086
 0.872,     0.899,    [     0.000],    20.086
 0.873,     0.900,    [     0.000],    20.086

 pctg,    rr,    α,    β
 0.600,     0.868,    [     0.000],    20.086


seed_val:    2
 0.866,     0.896,    [     0.000],    20.086
 0.868,     0.896,    [     0.000],    20.086
 0.865,     0.889,    [     0.000],    20.086
 0.863,     0.881,    [     0.000],    20.086
 0.863,     0.876,    [     0.000],    20.086
 0.865,     0.877,    [     0.000],    20.086
 0.864,     0.874,    [     0.000],    20.086
 0.867,     0.875,    [     0.000],    20.086
 0.865,     0.871,    [     0.000],    20.086
 0.865,     0.872,    [     0.000],    20.086
 0.865,     0.872,    [     0.000],    20.086
 0.866,     0.869,    [     0.000],    20.086
 0.868,     0.871,    [     0.000],    20.086
 0.869,     0.872,    [     0.000],    20.086
 0.871,     0.874,    [     0.000],    20.086

 pctg,    rr,    α,    β
 0.600,     0.875,    [     0.000],    20.086


seed_val:    3
 0.850,     0.886,    [     0.000],    20.086
 0.837,     0.870,    [     0.000],    20.086
 0.838,     0.868,    [     0.000],    20.086
 0.839,     0.866,    [     0.000],    20.086
 0.837,     0.863,    [     0.000],    20.086
 0.842,     0.870,    [     0.000],    20.086
 0.840,     0.864,    [     0.000],    20.086
 0.842,     0.866,    [     0.000],    20.086
 0.846,     0.869,    [     0.000],    20.086
 0.841,     0.863,    [     0.000],    20.086
 0.844,     0.863,    [     0.000],    20.086
 0.847,     0.864,    [     0.000],    20.086
 0.847,     0.867,    [     0.000],    20.086
 0.846,     0.867,    [     0.000],    20.086
 0.847,     0.867,    [     0.000],    20.086

 pctg,    rr,    α,    β
 0.600,     0.888,    [     0.000],    20.086


seed_val:    4
 0.858,     0.905,    [     0.000],    20.086
 0.853,     0.891,    [     0.000],    20.086
 0.852,     0.893,    [     0.000],    20.086
 0.849,     0.888,    [     0.000],    20.086
 0.852,     0.889,    [     0.000],    20.086
 0.850,     0.889,    [     0.000],    20.086
 0.851,     0.887,    [     0.000],    20.086
 0.852,     0.886,    [     0.000],    20.086
 0.853,     0.887,    [     0.000],    20.086
 0.854,     0.883,    [     0.000],    20.086
 0.855,     0.885,    [     0.000],    20.086
 0.855,     0.884,    [     0.000],    20.086
 0.858,     0.886,    [     0.000],    20.086
 0.859,     0.885,    [     0.000],    20.086
 0.859,     0.884,    [     0.000],    20.086

 pctg,    rr,    α,    β
 0.600,     0.864,    [     0.000],    20.086


seed_val:    5
 0.839,     0.909,    [     0.000],    20.086
 0.828,     0.893,    [     0.000],    20.086
 0.834,     0.895,    [     0.000],    20.086
 0.833,     0.895,    [     0.000],    20.086
 0.832,     0.892,    [     0.000],    20.086
 0.831,     0.890,    [     0.000],    20.086
 0.831,     0.888,    [     0.000],    20.086
 0.836,     0.892,    [     0.000],    20.086
 0.837,     0.891,    [     0.000],    20.086
 0.839,     0.891,    [     0.000],    20.086
 0.840,     0.890,    [     0.000],    20.086
 0.841,     0.892,    [     0.000],    20.086
 0.843,     0.891,    [     0.000],    20.086
 0.844,     0.893,    [     0.000],    20.086
 0.846,     0.891,    [     0.000],    20.086

 pctg,    rr,    α,    β
 0.600,     0.899,    [     0.000],    20.086


seed_val:    6
 0.843,     0.870,    [     0.000],    20.086
 0.867,     0.890,    [     0.000],    20.086
 0.868,     0.889,    [     0.000],    20.086
 0.866,     0.885,    [     0.000],    20.086
 0.866,     0.883,    [     0.000],    20.086
 0.865,     0.882,    [     0.000],    20.086
 0.862,     0.879,    [     0.000],    20.086
 0.860,     0.877,    [     0.000],    20.086
 0.861,     0.879,    [     0.000],    20.086
 0.861,     0.879,    [     0.000],    20.086
 0.862,     0.878,    [     0.000],    20.086
 0.864,     0.880,    [     0.000],    20.086
 0.865,     0.880,    [     0.000],    20.086
 0.866,     0.881,    [     0.000],    20.086
 0.868,     0.883,    [     0.000],    20.086

 pctg,    rr,    α,    β
 0.600,     0.860,    [     0.000],    20.086


seed_val:    7
 0.846,     0.919,    [     0.000],    20.086
 0.844,     0.920,    [     0.000],    20.086
 0.841,     0.920,    [     0.000],    20.086
 0.844,     0.922,    [     0.000],    20.086
 0.846,     0.923,    [     0.000],    20.086
 0.848,     0.923,    [     0.000],    20.086
 0.849,     0.924,    [     0.000],    20.086
 0.848,     0.924,    [     0.000],    20.086
 0.849,     0.923,    [     0.000],    20.086
 0.849,     0.923,    [     0.000],    20.086
 0.849,     0.922,    [     0.000],    20.086
 0.854,     0.923,    [     0.000],    20.086
 0.854,     0.924,    [     0.000],    20.086
 0.856,     0.922,    [     0.000],    20.086
 0.857,     0.923,    [     0.000],    20.086

 pctg,    rr,    α,    β
 0.600,     0.895,    [     0.000],    20.086


seed_val:    8
 0.847,     0.880,    [     0.000],    20.086
 0.844,     0.877,    [     0.000],    20.086
 0.843,     0.871,    [     0.000],    20.086
 0.839,     0.869,    [     0.000],    20.086
 0.839,     0.869,    [     0.000],    20.086
 0.839,     0.872,    [     0.000],    20.086
 0.840,     0.871,    [     0.000],    20.086
 0.837,     0.872,    [     0.000],    20.086
 0.837,     0.871,    [     0.000],    20.086
 0.839,     0.871,    [     0.000],    20.086
 0.839,     0.870,    [     0.000],    20.086
 0.839,     0.872,    [     0.000],    20.086
 0.836,     0.871,    [     0.000],    20.086
 0.842,     0.874,    [     0.000],    20.086
 0.844,     0.874,    [     0.000],    20.086

 pctg,    rr,    α,    β
 0.600,     0.893,    [     0.000],    20.086


seed_val:    9
 0.827,     0.862,    [     0.000],    20.086
 0.835,     0.875,    [     0.000],    20.086
 0.840,     0.877,    [     0.000],    20.086
 0.840,     0.879,    [     0.000],    20.086
 0.838,     0.876,    [     0.000],    20.086
 0.841,     0.878,    [     0.000],    20.086
 0.841,     0.877,    [     0.000],    20.086
 0.844,     0.878,    [     0.000],    20.086
 0.849,     0.879,    [     0.000],    20.086
 0.848,     0.877,    [     0.000],    20.086
 0.850,     0.880,    [     0.000],    20.086
 0.853,     0.882,    [     0.000],    20.086
 0.856,     0.881,    [     0.000],    20.086
 0.856,     0.881,    [     0.000],    20.086
 0.856,     0.881,    [     0.000],    20.086

 pctg,    rr,    α,    β
 0.600,     0.894,    [     0.000],    20.086


seed_val:    10
 0.846,     0.898,    [     0.000],    20.086
 0.853,     0.894,    [     0.000],    20.086
 0.855,     0.893,    [     0.000],    20.086
 0.858,     0.895,    [     0.000],    20.086
 0.860,     0.896,    [     0.000],    20.086
 0.860,     0.895,    [     0.000],    20.086
 0.856,     0.893,    [     0.000],    20.086
 0.858,     0.893,    [     0.000],    20.086
 0.858,     0.893,    [     0.000],    20.086
 0.861,     0.893,    [     0.000],    20.086
 0.860,     0.892,    [     0.000],    20.086
 0.859,     0.891,    [     0.000],    20.086
 0.859,     0.892,    [     0.000],    20.086
 0.857,     0.890,    [     0.000],    20.086
 0.859,     0.889,    [     0.000],    20.086

 pctg,    rr,    α,    β
 0.600,     0.856,    [     0.000],    20.086

 trans: climate_2007_precipitation,     0.879 ±  0.016
 α, β: [     0.000] ± [     0.000], 20.086 ±  0.000


seed_val:    1
 0.921,     0.950,    [     0.000],    20.086
 0.924,     0.948,    [     0.000],    20.086
 0.924,     0.948,    [     0.000],    20.086
 0.925,     0.948,    [     0.000],    20.086
 0.925,     0.946,    [     0.000],    20.086
 0.924,     0.945,    [     0.000],    20.086
 0.924,     0.943,    [     0.000],    20.086
 0.922,     0.940,    [     0.000],    20.086
 0.925,     0.942,    [     0.000],    20.086
 0.922,     0.939,    [     0.000],    20.086
 0.921,     0.936,    [     0.000],    20.086
 0.925,     0.937,    [     0.000],    20.086
 0.925,     0.936,    [     0.000],    20.086
 0.928,     0.937,    [     0.000],    20.086
 0.926,     0.935,    [     0.000],    20.086

 pctg,    rr,    α,    β
 0.600,     0.937,    [     0.000],    20.086


seed_val:    2
 0.932,     0.960,    [     0.000],    20.086
 0.917,     0.955,    [     0.000],    20.086
 0.919,     0.955,    [     0.000],    20.086
 0.914,     0.952,    [     0.000],    20.086
 0.913,     0.952,    [     0.000],    20.086
 0.915,     0.953,    [     0.000],    20.086
 0.920,     0.955,    [     0.000],    20.086
 0.917,     0.953,    [     0.000],    20.086
 0.916,     0.952,    [     0.000],    20.086
 0.917,     0.952,    [     0.000],    20.086
 0.920,     0.952,    [     0.000],    20.086
 0.912,     0.948,    [     0.000],    20.086
 0.915,     0.949,    [     0.000],    20.086
 0.916,     0.949,    [     0.000],    20.086
 0.917,     0.949,    [     0.000],    20.086

 pctg,    rr,    α,    β
 0.600,     0.944,    [     0.000],    20.086


seed_val:    3
 0.909,     0.945,    [     0.000],    20.086
 0.913,     0.949,    [     0.000],    20.086
 0.915,     0.951,    [     0.000],    20.086
 0.908,     0.948,    [     0.000],    20.086
 0.911,     0.949,    [     0.000],    20.086
 0.916,     0.952,    [     0.000],    20.086
 0.917,     0.953,    [     0.000],    20.086
 0.914,     0.951,    [     0.000],    20.086
 0.920,     0.954,    [     0.000],    20.086
 0.915,     0.950,    [     0.000],    20.086
 0.918,     0.951,    [     0.000],    20.086
 0.916,     0.950,    [     0.000],    20.086
 0.915,     0.949,    [     0.000],    20.086
 0.919,     0.951,    [     0.000],    20.086
 0.916,     0.948,    [     0.000],    20.086

 pctg,    rr,    α,    β
 0.600,     0.947,    [     0.000],    20.086


seed_val:    4
 0.925,     0.955,    [     0.000],    20.086
 0.902,     0.931,    [     0.000],    20.086
 0.914,     0.936,    [     0.000],    20.086
 0.901,     0.928,    [     0.000],    20.086
 0.910,     0.933,    [     0.000],    20.086
 0.906,     0.932,    [     0.000],    20.086
 0.911,     0.935,    [     0.000],    20.086
 0.906,     0.931,    [     0.000],    20.086
 0.912,     0.934,    [     0.000],    20.086
 0.912,     0.933,    [     0.000],    20.086
 0.914,     0.934,    [     0.000],    20.086
 0.912,     0.933,    [     0.000],    20.086
 0.915,     0.933,    [     0.000],    20.086
 0.915,     0.932,    [     0.000],    20.086
 0.914,     0.932,    [     0.000],    20.086

 pctg,    rr,    α,    β
 0.600,     0.939,    [     0.000],    20.086


seed_val:    5
 0.929,     0.945,    [     0.000],    20.086
 0.914,     0.934,    [     0.000],    20.086
 0.917,     0.937,    [     0.000],    20.086
 0.916,     0.936,    [     0.000],    20.086
 0.922,     0.940,    [     0.000],    20.086
 0.919,     0.937,    [     0.000],    20.086
 0.918,     0.936,    [     0.000],    20.086
 0.916,     0.934,    [     0.000],    20.086
 0.919,     0.935,    [     0.000],    20.086
 0.912,     0.931,    [     0.000],    20.086
 0.918,     0.933,    [     0.000],    20.086
 0.917,     0.932,    [     0.000],    20.086
 0.913,     0.928,    [     0.000],    20.086
 0.917,     0.931,    [     0.000],    20.086
 0.917,     0.930,    [     0.000],    20.086

 pctg,    rr,    α,    β
 0.600,     0.931,    [     0.000],    20.086


seed_val:    6
 0.898,     0.925,    [     0.000],    20.086
 0.903,     0.931,    [     0.000],    20.086
 0.906,     0.932,    [     0.000],    20.086
 0.910,     0.933,    [     0.000],    20.086
 0.912,     0.934,    [     0.000],    20.086
 0.910,     0.932,    [     0.000],    20.086
 0.912,     0.932,    [     0.000],    20.086
 0.910,     0.933,    [     0.000],    20.086
 0.912,     0.932,    [     0.000],    20.086
 0.912,     0.931,    [     0.000],    20.086
 0.912,     0.931,    [     0.000],    20.086
 0.912,     0.929,    [     0.000],    20.086
 0.917,     0.932,    [     0.000],    20.086
 0.915,     0.929,    [     0.000],    20.086
 0.915,     0.929,    [     0.000],    20.086

 pctg,    rr,    α,    β
 0.600,     0.929,    [     0.000],    20.086


seed_val:    7
 0.940,     0.963,    [     0.000],    20.086
 0.927,     0.951,    [     0.000],    20.086
 0.924,     0.954,    [     0.000],    20.086
 0.926,     0.957,    [     0.000],    20.086
 0.923,     0.956,    [     0.000],    20.086
 0.924,     0.955,    [     0.000],    20.086
 0.921,     0.953,    [     0.000],    20.086
 0.921,     0.954,    [     0.000],    20.086
 0.921,     0.953,    [     0.000],    20.086
 0.920,     0.954,    [     0.000],    20.086
 0.919,     0.954,    [     0.000],    20.086
 0.921,     0.953,    [     0.000],    20.086
 0.920,     0.952,    [     0.000],    20.086
 0.919,     0.952,    [     0.000],    20.086
 0.920,     0.952,    [     0.000],    20.086

 pctg,    rr,    α,    β
 0.600,     0.927,    [     0.000],    20.086


seed_val:    8
 0.924,     0.951,    [     0.000],    20.086
 0.916,     0.942,    [     0.000],    20.086
 0.916,     0.942,    [     0.000],    20.086
 0.920,     0.943,    [     0.000],    20.086
 0.918,     0.942,    [     0.000],    20.086
 0.920,     0.942,    [     0.000],    20.086
 0.920,     0.943,    [     0.000],    20.086
 0.922,     0.944,    [     0.000],    20.086
 0.921,     0.943,    [     0.000],    20.086
 0.920,     0.941,    [     0.000],    20.086
 0.923,     0.944,    [     0.000],    20.086
 0.923,     0.943,    [     0.000],    20.086
 0.925,     0.945,    [     0.000],    20.086
 0.922,     0.941,    [     0.000],    20.086
 0.923,     0.941,    [     0.000],    20.086

 pctg,    rr,    α,    β
 0.600,     0.945,    [     0.000],    20.086


seed_val:    9
 0.927,     0.954,    [     0.000],    20.086
 0.904,     0.936,    [     0.000],    20.086
 0.906,     0.937,    [     0.000],    20.086
 0.908,     0.939,    [     0.000],    20.086
 0.908,     0.937,    [     0.000],    20.086
 0.911,     0.941,    [     0.000],    20.086
 0.911,     0.941,    [     0.000],    20.086
 0.913,     0.941,    [     0.000],    20.086
 0.912,     0.940,    [     0.000],    20.086
 0.910,     0.937,    [     0.000],    20.086
 0.909,     0.933,    [     0.000],    20.086
 0.911,     0.936,    [     0.000],    20.086
 0.914,     0.936,    [     0.000],    20.086
 0.913,     0.936,    [     0.000],    20.086
 0.915,     0.938,    [     0.000],    20.086

 pctg,    rr,    α,    β
 0.600,     0.946,    [     0.000],    20.086


seed_val:    10
 0.924,     0.947,    [     0.000],    20.086
 0.917,     0.948,    [     0.000],    20.086
 0.914,     0.946,    [     0.000],    20.086
 0.917,     0.946,    [     0.000],    20.086
 0.921,     0.948,    [     0.000],    20.086
 0.917,     0.946,    [     0.000],    20.086
 0.920,     0.948,    [     0.000],    20.086
 0.918,     0.947,    [     0.000],    20.086
 0.920,     0.948,    [     0.000],    20.086
 0.919,     0.947,    [     0.000],    20.086
 0.920,     0.947,    [     0.000],    20.086
 0.920,     0.947,    [     0.000],    20.086
 0.919,     0.946,    [     0.000],    20.086
 0.920,     0.946,    [     0.000],    20.086
 0.919,     0.944,    [     0.000],    20.086

 pctg,    rr,    α,    β
 0.600,     0.937,    [     0.000],    20.086

 trans: climate_2007_sunlight,     0.938 ±  0.007
 α, β: [     0.000] ± [     0.000], 20.086 ±  0.000


seed_val:    1
 0.931,     0.955,    [     0.000],    20.086
 0.922,     0.944,    [     0.000],    20.086
 0.925,     0.945,    [     0.000],    20.086
 0.923,     0.942,    [     0.000],    20.086
 0.922,     0.939,    [     0.000],    20.086
 0.920,     0.936,    [     0.000],    20.086
 0.923,     0.937,    [     0.000],    20.086
 0.920,     0.933,    [     0.000],    20.086
 0.919,     0.931,    [     0.000],    20.086
 0.919,     0.929,    [     0.000],    20.086
 0.918,     0.927,    [     0.000],    20.086
 0.917,     0.926,    [     0.000],    20.086
 0.915,     0.923,    [     0.000],    20.086
 0.915,     0.920,    [     0.000],    20.086
 0.919,     0.922,    [     0.000],    20.086

 pctg,    rr,    α,    β
 0.600,     0.924,    [     0.000],    20.086


seed_val:    2
 0.943,     0.968,    [     0.000],    20.086
 0.936,     0.959,    [     0.000],    20.086
 0.921,     0.939,    [     0.000],    20.086
 0.917,     0.936,    [     0.000],    20.086
 0.913,     0.930,    [     0.000],    20.086
 0.910,     0.929,    [     0.000],    20.086
 0.910,     0.930,    [     0.000],    20.086
 0.907,     0.930,    [     0.000],    20.086
 0.903,     0.925,    [     0.000],    20.086
 0.900,     0.923,    [     0.000],    20.086
 0.901,     0.922,    [     0.000],    20.086
 0.900,     0.922,    [     0.000],    20.086
 0.896,     0.921,    [     0.000],    20.086
 0.896,     0.920,    [     0.000],    20.086
 0.893,     0.917,    [     0.000],    20.086

 pctg,    rr,    α,    β
 0.600,     0.912,    [     0.000],    20.086


seed_val:    3
 0.947,     0.967,    [     0.000],    20.086
 0.931,     0.958,    [     0.000],    20.086
 0.921,     0.957,    [     0.000],    20.086
 0.920,     0.956,    [     0.000],    20.086
 0.920,     0.956,    [     0.000],    20.086
 0.915,     0.954,    [     0.000],    20.086
 0.915,     0.953,    [     0.000],    20.086
 0.913,     0.951,    [     0.000],    20.086
 0.915,     0.951,    [     0.000],    20.086
 0.910,     0.948,    [     0.000],    20.086
 0.908,     0.944,    [     0.000],    20.086
 0.910,     0.944,    [     0.000],    20.086
 0.907,     0.941,    [     0.000],    20.086
 0.908,     0.941,    [     0.000],    20.086
 0.905,     0.937,    [     0.000],    20.086

 pctg,    rr,    α,    β
 0.600,     0.936,    [     0.000],    20.086


seed_val:    4
 0.932,     0.971,    [     0.000],    20.086
 0.907,     0.948,    [     0.000],    20.086
 0.904,     0.941,    [     0.000],    20.086
 0.904,     0.939,    [     0.000],    20.086
 0.901,     0.938,    [     0.000],    20.086
 0.897,     0.930,    [     0.000],    20.086
 0.899,     0.933,    [     0.000],    20.086
 0.898,     0.930,    [     0.000],    20.086
 0.897,     0.930,    [     0.000],    20.086
 0.897,     0.929,    [     0.000],    20.086
 0.892,     0.924,    [     0.000],    20.086
 0.895,     0.923,    [     0.000],    20.086
 0.895,     0.924,    [     0.000],    20.086
 0.896,     0.926,    [     0.000],    20.086
 0.893,     0.920,    [     0.000],    20.086

 pctg,    rr,    α,    β
 0.600,     0.935,    [     0.000],    20.086


seed_val:    5
 0.946,     0.974,    [     0.000],    20.086
 0.931,     0.963,    [     0.000],    20.086
 0.922,     0.958,    [     0.000],    20.086
 0.916,     0.954,    [     0.000],    20.086
 0.913,     0.949,    [     0.000],    20.086
 0.911,     0.944,    [     0.000],    20.086
 0.912,     0.943,    [     0.000],    20.086
 0.911,     0.940,    [     0.000],    20.086
 0.910,     0.939,    [     0.000],    20.086
 0.912,     0.938,    [     0.000],    20.086
 0.906,     0.934,    [     0.000],    20.086
 0.912,     0.935,    [     0.000],    20.086
 0.910,     0.934,    [     0.000],    20.086
 0.913,     0.934,    [     0.000],    20.086
 0.913,     0.933,    [     0.000],    20.086

 pctg,    rr,    α,    β
 0.600,     0.948,    [     0.000],    20.086


seed_val:    6
 0.951,     0.974,    [     0.000],    20.086
 0.923,     0.956,    [     0.000],    20.086
 0.919,     0.947,    [     0.000],    20.086
 0.914,     0.938,    [     0.000],    20.086
 0.914,     0.936,    [     0.000],    20.086
 0.913,     0.938,    [     0.000],    20.086
 0.908,     0.935,    [     0.000],    20.086
 0.908,     0.935,    [     0.000],    20.086
 0.905,     0.935,    [     0.000],    20.086
 0.909,     0.936,    [     0.000],    20.086
 0.909,     0.936,    [     0.000],    20.086
 0.905,     0.937,    [     0.000],    20.086
 0.909,     0.940,    [     0.000],    20.086
 0.909,     0.941,    [     0.000],    20.086
 0.906,     0.937,    [     0.000],    20.086

 pctg,    rr,    α,    β
 0.600,     0.932,    [     0.000],    20.086


seed_val:    7
 0.930,     0.969,    [     0.000],    20.086
 0.911,     0.961,    [     0.000],    20.086
 0.898,     0.956,    [     0.000],    20.086
 0.900,     0.956,    [     0.000],    20.086
 0.897,     0.954,    [     0.000],    20.086
 0.900,     0.953,    [     0.000],    20.086
 0.897,     0.951,    [     0.000],    20.086
 0.898,     0.949,    [     0.000],    20.086
 0.896,     0.945,    [     0.000],    20.086
 0.896,     0.945,    [     0.000],    20.086
 0.895,     0.945,    [     0.000],    20.086
 0.896,     0.944,    [     0.000],    20.086
 0.898,     0.945,    [     0.000],    20.086
 0.895,     0.944,    [     0.000],    20.086
 0.896,     0.940,    [     0.000],    20.086

 pctg,    rr,    α,    β
 0.600,     0.926,    [     0.000],    20.086


seed_val:    8
 0.923,     0.960,    [     0.000],    20.086
 0.897,     0.943,    [     0.000],    20.086
 0.900,     0.943,    [     0.000],    20.086
 0.900,     0.942,    [     0.000],    20.086
 0.901,     0.944,    [     0.000],    20.086
 0.903,     0.945,    [     0.000],    20.086
 0.902,     0.946,    [     0.000],    20.086
 0.899,     0.942,    [     0.000],    20.086
 0.902,     0.946,    [     0.000],    20.086
 0.902,     0.945,    [     0.000],    20.086
 0.898,     0.942,    [     0.000],    20.086
 0.902,     0.945,    [     0.000],    20.086
 0.898,     0.943,    [     0.000],    20.086
 0.900,     0.944,    [     0.000],    20.086
 0.900,     0.944,    [     0.000],    20.086

 pctg,    rr,    α,    β
 0.600,     0.940,    [     0.000],    20.086


seed_val:    9
 0.947,     0.970,    [     0.000],    20.086
 0.917,     0.952,    [     0.000],    20.086
 0.916,     0.950,    [     0.000],    20.086
 0.919,     0.947,    [     0.000],    20.086
 0.914,     0.940,    [     0.000],    20.086
 0.914,     0.936,    [     0.000],    20.086
 0.909,     0.930,    [     0.000],    20.086
 0.911,     0.932,    [     0.000],    20.086
 0.911,     0.932,    [     0.000],    20.086
 0.909,     0.931,    [     0.000],    20.086
 0.909,     0.929,    [     0.000],    20.086
 0.910,     0.931,    [     0.000],    20.086
 0.911,     0.932,    [     0.000],    20.086
 0.907,     0.929,    [     0.000],    20.086
 0.910,     0.931,    [     0.000],    20.086

 pctg,    rr,    α,    β
 0.600,     0.938,    [     0.000],    20.086


seed_val:    10
 0.953,     0.974,    [     0.000],    20.086
 0.937,     0.965,    [     0.000],    20.086
 0.929,     0.957,    [     0.000],    20.086
 0.917,     0.945,    [     0.000],    20.086
 0.914,     0.941,    [     0.000],    20.086
 0.915,     0.940,    [     0.000],    20.086
 0.911,     0.938,    [     0.000],    20.086
 0.906,     0.933,    [     0.000],    20.086
 0.905,     0.932,    [     0.000],    20.086
 0.906,     0.932,    [     0.000],    20.086
 0.907,     0.929,    [     0.000],    20.086
 0.908,     0.930,    [     0.000],    20.086
 0.903,     0.925,    [     0.000],    20.086
 0.901,     0.923,    [     0.000],    20.086
 0.907,     0.928,    [     0.000],    20.086

 pctg,    rr,    α,    β
 0.600,     0.932,    [     0.000],    20.086

 trans: climate_2007_pm2.5,     0.932 ±  0.010
 α, β: [     0.000] ± [     0.000], 20.086 ±  0.000