seed_val:    1
 0.859,     0.858,    [     0.000],    20.086
 0.914,     0.915,    [     0.000],    20.086
 0.925,     0.925,    [     0.000],    20.086
 0.929,     0.927,    [     0.000],    20.086
 0.933,     0.931,    [     0.000],    20.086
 0.934,     0.931,    [     0.000],    20.086
 0.936,     0.933,    [     0.000],    20.086
 0.937,     0.934,    [     0.000],    20.086
 0.940,     0.936,    [     0.000],    20.086
 0.940,     0.936,    [     0.000],    20.086
 0.941,     0.936,    [     0.000],    20.086
 0.943,     0.939,    [     0.000],    20.086
 0.943,     0.938,    [     0.000],    20.086
 0.940,     0.934,    [     0.000],    20.086
 0.945,     0.939,    [     0.000],    20.086

 pctg,    rr,    α,    β
 0.600,     0.940,    [     0.000],    20.086


seed_val:    2
 0.541,     0.550,    [     0.000],    20.086
 0.839,     0.836,    [     0.000],    20.086
 0.925,     0.920,    [     0.000],    20.086
 0.932,     0.927,    [     0.000],    20.086
 0.936,     0.931,    [     0.000],    20.086
 0.939,     0.935,    [     0.000],    20.086
 0.941,     0.938,    [     0.000],    20.086
 0.942,     0.938,    [     0.000],    20.086
 0.943,     0.939,    [     0.000],    20.086
 0.944,     0.941,    [     0.000],    20.086
 0.946,     0.941,    [     0.000],    20.086
 0.947,     0.943,    [     0.000],    20.086
 0.948,     0.944,    [     0.000],    20.086
 0.948,     0.945,    [     0.000],    20.086
 0.950,     0.946,    [     0.000],    20.086

 pctg,    rr,    α,    β
 0.600,     0.940,    [     0.000],    20.086


seed_val:    3
 0.788,     0.775,    [     0.000],    20.086
 0.912,     0.907,    [     0.000],    20.086
 0.927,     0.924,    [     0.000],    20.086
 0.933,     0.929,    [     0.000],    20.086
 0.936,     0.933,    [     0.000],    20.086
 0.939,     0.935,    [     0.000],    20.086
 0.941,     0.936,    [     0.000],    20.086
 0.942,     0.937,    [     0.000],    20.086
 0.943,     0.939,    [     0.000],    20.086
 0.944,     0.940,    [     0.000],    20.086
 0.945,     0.942,    [     0.000],    20.086
 0.946,     0.943,    [     0.000],    20.086
 0.946,     0.943,    [     0.000],    20.086
 0.946,     0.943,    [     0.000],    20.086
 0.948,     0.945,    [     0.000],    20.086

 pctg,    rr,    α,    β
 0.600,     0.941,    [     0.000],    20.086


seed_val:    4
 0.803,     0.798,    [     0.000],    20.086
 0.908,     0.910,    [     0.000],    20.086
 0.926,     0.922,    [     0.000],    20.086
 0.932,     0.926,    [     0.000],    20.086
 0.937,     0.930,    [     0.000],    20.086
 0.940,     0.932,    [     0.000],    20.086
 0.941,     0.932,    [     0.000],    20.086
 0.943,     0.933,    [     0.000],    20.086
 0.944,     0.934,    [     0.000],    20.086
 0.945,     0.934,    [     0.000],    20.086
 0.946,     0.936,    [     0.000],    20.086
 0.947,     0.936,    [     0.000],    20.086
 0.948,     0.937,    [     0.000],    20.086
 0.949,     0.936,    [     0.000],    20.086
 0.949,     0.937,    [     0.000],    20.086

 pctg,    rr,    α,    β
 0.600,     0.944,    [     0.000],    20.086


seed_val:    5
 0.864,     0.845,    [     0.000],    20.086
 0.919,     0.906,    [     0.000],    20.086
 0.928,     0.913,    [     0.000],    20.086
 0.935,     0.922,    [     0.000],    20.086
 0.939,     0.925,    [     0.000],    20.086
 0.941,     0.927,    [     0.000],    20.086
 0.944,     0.929,    [     0.000],    20.086
 0.945,     0.931,    [     0.000],    20.086
 0.947,     0.931,    [     0.000],    20.086
 0.949,     0.934,    [     0.000],    20.086
 0.949,     0.935,    [     0.000],    20.086
 0.951,     0.937,    [     0.000],    20.086
 0.951,     0.938,    [     0.000],    20.086
 0.953,     0.938,    [     0.000],    20.086
 0.953,     0.937,    [     0.000],    20.086

 pctg,    rr,    α,    β
 0.600,     0.942,    [     0.000],    20.086


seed_val:    6
 0.811,     0.813,    [     0.000],    20.086
 0.908,     0.901,    [     0.000],    20.086
 0.929,     0.919,    [     0.000],    20.086
 0.936,     0.929,    [     0.000],    20.086
 0.939,     0.932,    [     0.000],    20.086
 0.941,     0.934,    [     0.000],    20.086
 0.942,     0.936,    [     0.000],    20.086
 0.944,     0.938,    [     0.000],    20.086
 0.945,     0.938,    [     0.000],    20.086
 0.946,     0.940,    [     0.000],    20.086
 0.947,     0.941,    [     0.000],    20.086
 0.947,     0.941,    [     0.000],    20.086
 0.949,     0.943,    [     0.000],    20.086
 0.949,     0.942,    [     0.000],    20.086
 0.950,     0.943,    [     0.000],    20.086

 pctg,    rr,    α,    β
 0.600,     0.933,    [     0.000],    20.086


seed_val:    7
 0.721,     0.736,    [     0.000],    20.086
 0.869,     0.878,    [     0.000],    20.086
 0.904,     0.907,    [     0.000],    20.086
 0.919,     0.918,    [     0.000],    20.086
 0.926,     0.927,    [     0.000],    20.086
 0.931,     0.933,    [     0.000],    20.086
 0.935,     0.933,    [     0.000],    20.086
 0.937,     0.936,    [     0.000],    20.086
 0.940,     0.937,    [     0.000],    20.086
 0.942,     0.940,    [     0.000],    20.086
 0.943,     0.942,    [     0.000],    20.086
 0.945,     0.940,    [     0.000],    20.086
 0.946,     0.939,    [     0.000],    20.086
 0.946,     0.937,    [     0.000],    20.086
 0.948,     0.942,    [     0.000],    20.086

 pctg,    rr,    α,    β
 0.600,     0.932,    [     0.000],    20.086


seed_val:    8
 0.588,     0.624,    [     0.000],    20.086
 0.905,     0.909,    [     0.000],    20.086
 0.925,     0.924,    [     0.000],    20.086
 0.932,     0.929,    [     0.000],    20.086
 0.934,     0.932,    [     0.000],    20.086
 0.938,     0.934,    [     0.000],    20.086
 0.941,     0.939,    [     0.000],    20.086
 0.942,     0.938,    [     0.000],    20.086
 0.944,     0.940,    [     0.000],    20.086
 0.945,     0.941,    [     0.000],    20.086
 0.946,     0.942,    [     0.000],    20.086
 0.947,     0.942,    [     0.000],    20.086
 0.947,     0.944,    [     0.000],    20.086
 0.949,     0.944,    [     0.000],    20.086
 0.949,     0.944,    [     0.000],    20.086

 pctg,    rr,    α,    β
 0.600,     0.946,    [     0.000],    20.086


seed_val:    9
 0.840,     0.850,    [     0.000],    20.086
 0.914,     0.922,    [     0.000],    20.086
 0.924,     0.929,    [     0.000],    20.086
 0.928,     0.934,    [     0.000],    20.086
 0.931,     0.934,    [     0.000],    20.086
 0.934,     0.937,    [     0.000],    20.086
 0.936,     0.938,    [     0.000],    20.086
 0.938,     0.940,    [     0.000],    20.086
 0.939,     0.940,    [     0.000],    20.086
 0.941,     0.942,    [     0.000],    20.086
 0.942,     0.944,    [     0.000],    20.086
 0.943,     0.943,    [     0.000],    20.086
 0.944,     0.945,    [     0.000],    20.086
 0.945,     0.945,    [     0.000],    20.086
 0.946,     0.946,    [     0.000],    20.086

 pctg,    rr,    α,    β
 0.600,     0.944,    [     0.000],    20.086


seed_val:    10
 0.843,     0.834,    [     0.000],    20.086
 0.920,     0.917,    [     0.000],    20.086
 0.926,     0.925,    [     0.000],    20.086
 0.930,     0.928,    [     0.000],    20.086
 0.932,     0.930,    [     0.000],    20.086
 0.935,     0.932,    [     0.000],    20.086
 0.937,     0.934,    [     0.000],    20.086
 0.937,     0.935,    [     0.000],    20.086
 0.939,     0.936,    [     0.000],    20.086
 0.941,     0.938,    [     0.000],    20.086
 0.942,     0.940,    [     0.000],    20.086
 0.943,     0.940,    [     0.000],    20.086
 0.944,     0.943,    [     0.000],    20.086
 0.946,     0.943,    [     0.000],    20.086
 0.947,     0.944,    [     0.000],    20.086

 pctg,    rr,    α,    β
 0.600,     0.945,    [     0.000],    20.086

 trans: climate_2007_airT,     0.941 ±  0.005
 α, β: [     0.000] ± [     0.000], 20.086 ±  0.000


seed_val:    1
 0.819,     0.811,    [     0.000],    20.086
 0.871,     0.871,    [     0.000],    20.086
 0.883,     0.883,    [     0.000],    20.086
 0.891,     0.888,    [     0.000],    20.086
 0.896,     0.893,    [     0.000],    20.086
 0.899,     0.894,    [     0.000],    20.086
 0.903,     0.897,    [     0.000],    20.086
 0.905,     0.898,    [     0.000],    20.086
 0.908,     0.900,    [     0.000],    20.086
 0.909,     0.900,    [     0.000],    20.086
 0.910,     0.900,    [     0.000],    20.086
 0.912,     0.901,    [     0.000],    20.086
 0.914,     0.903,    [     0.000],    20.086
 0.915,     0.902,    [     0.000],    20.086
 0.916,     0.903,    [     0.000],    20.086

 pctg,    rr,    α,    β
 0.600,     0.914,    [     0.000],    20.086


seed_val:    2
 0.400,     0.430,    [     0.000],    20.086
 0.671,     0.690,    [     0.000],    20.086
 0.853,     0.846,    [     0.000],    20.086
 0.876,     0.863,    [     0.000],    20.086
 0.886,     0.873,    [     0.000],    20.086
 0.893,     0.880,    [     0.000],    20.086
 0.898,     0.884,    [     0.000],    20.086
 0.902,     0.888,    [     0.000],    20.086
 0.905,     0.890,    [     0.000],    20.086
 0.908,     0.893,    [     0.000],    20.086
 0.908,     0.891,    [     0.000],    20.086
 0.913,     0.897,    [     0.000],    20.086
 0.914,     0.899,    [     0.000],    20.086
 0.915,     0.900,    [     0.000],    20.086
 0.917,     0.903,    [     0.000],    20.086

 pctg,    rr,    α,    β
 0.600,     0.919,    [     0.000],    20.086


seed_val:    3
 0.294,     0.280,    [     0.000],    20.086
 0.799,     0.797,    [     0.000],    20.086
 0.867,     0.865,    [     0.000],    20.086
 0.880,     0.881,    [     0.000],    20.086
 0.887,     0.891,    [     0.000],    20.086
 0.892,     0.894,    [     0.000],    20.086
 0.894,     0.898,    [     0.000],    20.086
 0.898,     0.902,    [     0.000],    20.086
 0.900,     0.904,    [     0.000],    20.086
 0.901,     0.906,    [     0.000],    20.086
 0.904,     0.910,    [     0.000],    20.086
 0.905,     0.915,    [     0.000],    20.086
 0.908,     0.915,    [     0.000],    20.086
 0.908,     0.915,    [     0.000],    20.086
 0.911,     0.915,    [     0.000],    20.086

 pctg,    rr,    α,    β
 0.600,     0.903,    [     0.000],    20.086


seed_val:    4
 0.784,     0.779,    [     0.000],    20.086
 0.857,     0.851,    [     0.000],    20.086
 0.880,     0.874,    [     0.000],    20.086
 0.889,     0.881,    [     0.000],    20.086
 0.898,     0.890,    [     0.000],    20.086
 0.903,     0.895,    [     0.000],    20.086
 0.906,     0.898,    [     0.000],    20.086
 0.908,     0.897,    [     0.000],    20.086
 0.912,     0.902,    [     0.000],    20.086
 0.914,     0.902,    [     0.000],    20.086
 0.914,     0.905,    [     0.000],    20.086
 0.917,     0.905,    [     0.000],    20.086
 0.918,     0.908,    [     0.000],    20.086
 0.919,     0.908,    [     0.000],    20.086
 0.919,     0.908,    [     0.000],    20.086

 pctg,    rr,    α,    β
 0.600,     0.898,    [     0.000],    20.086


seed_val:    5
 0.832,     0.828,    [     0.000],    20.086
 0.876,     0.873,    [     0.000],    20.086
 0.886,     0.882,    [     0.000],    20.086
 0.891,     0.888,    [     0.000],    20.086
 0.896,     0.892,    [     0.000],    20.086
 0.898,     0.894,    [     0.000],    20.086
 0.901,     0.897,    [     0.000],    20.086
 0.904,     0.899,    [     0.000],    20.086
 0.905,     0.899,    [     0.000],    20.086
 0.907,     0.899,    [     0.000],    20.086
 0.909,     0.902,    [     0.000],    20.086
 0.911,     0.902,    [     0.000],    20.086
 0.910,     0.898,    [     0.000],    20.086
 0.914,     0.904,    [     0.000],    20.086
 0.914,     0.902,    [     0.000],    20.086

 pctg,    rr,    α,    β
 0.600,     0.909,    [     0.000],    20.086


seed_val:    6
 0.630,     0.672,    [     0.000],    20.086
 0.826,     0.849,    [     0.000],    20.086
 0.867,     0.881,    [     0.000],    20.086
 0.884,     0.894,    [     0.000],    20.086
 0.891,     0.899,    [     0.000],    20.086
 0.895,     0.904,    [     0.000],    20.086
 0.898,     0.903,    [     0.000],    20.086
 0.902,     0.907,    [     0.000],    20.086
 0.903,     0.907,    [     0.000],    20.086
 0.906,     0.908,    [     0.000],    20.086
 0.908,     0.910,    [     0.000],    20.086
 0.909,     0.908,    [     0.000],    20.086
 0.911,     0.911,    [     0.000],    20.086
 0.911,     0.911,    [     0.000],    20.086
 0.913,     0.911,    [     0.000],    20.086

 pctg,    rr,    α,    β
 0.600,     0.904,    [     0.000],    20.086


seed_val:    7
 0.689,     0.719,    [     0.000],    20.086
 0.826,     0.833,    [     0.000],    20.086
 0.851,     0.853,    [     0.000],    20.086
 0.866,     0.861,    [     0.000],    20.086
 0.880,     0.872,    [     0.000],    20.086
 0.893,     0.883,    [     0.000],    20.086
 0.901,     0.886,    [     0.000],    20.086
 0.906,     0.891,    [     0.000],    20.086
 0.910,     0.894,    [     0.000],    20.086
 0.913,     0.894,    [     0.000],    20.086
 0.916,     0.899,    [     0.000],    20.086
 0.918,     0.899,    [     0.000],    20.086
 0.918,     0.895,    [     0.000],    20.086
 0.921,     0.899,    [     0.000],    20.086
 0.922,     0.902,    [     0.000],    20.086

 pctg,    rr,    α,    β
 0.600,     0.901,    [     0.000],    20.086


seed_val:    8
 0.778,     0.771,    [     0.000],    20.086
 0.867,     0.852,    [     0.000],    20.086
 0.881,     0.866,    [     0.000],    20.086
 0.888,     0.874,    [     0.000],    20.086
 0.895,     0.884,    [     0.000],    20.086
 0.898,     0.889,    [     0.000],    20.086
 0.902,     0.893,    [     0.000],    20.086
 0.904,     0.892,    [     0.000],    20.086
 0.906,     0.895,    [     0.000],    20.086
 0.908,     0.893,    [     0.000],    20.086
 0.909,     0.895,    [     0.000],    20.086
 0.910,     0.895,    [     0.000],    20.086
 0.911,     0.899,    [     0.000],    20.086
 0.912,     0.896,    [     0.000],    20.086
 0.913,     0.899,    [     0.000],    20.086

 pctg,    rr,    α,    β
 0.600,     0.904,    [     0.000],    20.086


seed_val:    9
 0.651,     0.648,    [     0.000],    20.086
 0.844,     0.845,    [     0.000],    20.086
 0.872,     0.878,    [     0.000],    20.086
 0.882,     0.891,    [     0.000],    20.086
 0.891,     0.896,    [     0.000],    20.086
 0.894,     0.902,    [     0.000],    20.086
 0.898,     0.904,    [     0.000],    20.086
 0.902,     0.907,    [     0.000],    20.086
 0.903,     0.906,    [     0.000],    20.086
 0.906,     0.910,    [     0.000],    20.086
 0.908,     0.912,    [     0.000],    20.086
 0.910,     0.912,    [     0.000],    20.086
 0.912,     0.914,    [     0.000],    20.086
 0.913,     0.912,    [     0.000],    20.086
 0.914,     0.910,    [     0.000],    20.086

 pctg,    rr,    α,    β
 0.600,     0.910,    [     0.000],    20.086


seed_val:    10
 0.768,     0.759,    [     0.000],    20.086
 0.874,     0.862,    [     0.000],    20.086
 0.887,     0.875,    [     0.000],    20.086
 0.894,     0.882,    [     0.000],    20.086
 0.897,     0.888,    [     0.000],    20.086
 0.900,     0.891,    [     0.000],    20.086
 0.903,     0.895,    [     0.000],    20.086
 0.906,     0.897,    [     0.000],    20.086
 0.907,     0.900,    [     0.000],    20.086
 0.908,     0.898,    [     0.000],    20.086
 0.911,     0.902,    [     0.000],    20.086
 0.912,     0.904,    [     0.000],    20.086
 0.912,     0.905,    [     0.000],    20.086
 0.915,     0.905,    [     0.000],    20.086
 0.916,     0.909,    [     0.000],    20.086

 pctg,    rr,    α,    β
 0.600,     0.909,    [     0.000],    20.086

 trans: climate_2007_landT,     0.907 ±  0.006
 α, β: [     0.000] ± [     0.000], 20.086 ±  0.000


seed_val:    1
 0.592,     0.592,    [     0.000],    20.086
 0.660,     0.669,    [     0.000],    20.086
 0.670,     0.683,    [     0.000],    20.086
 0.683,     0.696,    [     0.000],    20.086
 0.690,     0.696,    [     0.000],    20.086
 0.698,     0.707,    [     0.000],    20.086
 0.703,     0.710,    [     0.000],    20.086
 0.710,     0.709,    [     0.000],    20.086
 0.714,     0.716,    [     0.000],    20.086
 0.717,     0.721,    [     0.000],    20.086
 0.721,     0.725,    [     0.000],    20.086
 0.725,     0.725,    [     0.000],    20.086
 0.729,     0.727,    [     0.000],    20.086
 0.730,     0.723,    [     0.000],    20.086
 0.736,     0.730,    [     0.000],    20.086

 pctg,    rr,    α,    β
 0.600,     0.669,    [     0.000],    20.086


seed_val:    2
 0.388,     0.324,    [     0.000],    20.086
 0.555,     0.513,    [     0.000],    20.086
 0.622,     0.577,    [     0.000],    20.086
 0.658,     0.594,    [     0.000],    20.086
 0.680,     0.595,    [     0.000],    20.086
 0.688,     0.602,    [     0.000],    20.086
 0.692,     0.596,    [     0.000],    20.086
 0.702,     0.609,    [     0.000],    20.086
 0.704,     0.610,    [     0.000],    20.086
 0.710,     0.605,    [     0.000],    20.086
 0.714,     0.607,    [     0.000],    20.086
 0.716,     0.600,    [     0.000],    20.086
 0.720,     0.612,    [     0.000],    20.086
 0.720,     0.614,    [     0.000],    20.086
 0.726,     0.622,    [     0.000],    20.086

 pctg,    rr,    α,    β
 0.600,     0.706,    [     0.000],    20.086


seed_val:    3
 0.357,     0.347,    [     0.000],    20.086
 0.631,     0.608,    [     0.000],    20.086
 0.660,     0.636,    [     0.000],    20.086
 0.669,     0.646,    [     0.000],    20.086
 0.680,     0.658,    [     0.000],    20.086
 0.684,     0.658,    [     0.000],    20.086
 0.691,     0.665,    [     0.000],    20.086
 0.694,     0.671,    [     0.000],    20.086
 0.695,     0.672,    [     0.000],    20.086
 0.701,     0.678,    [     0.000],    20.086
 0.709,     0.685,    [     0.000],    20.086
 0.710,     0.685,    [     0.000],    20.086
 0.715,     0.694,    [     0.000],    20.086
 0.717,     0.696,    [     0.000],    20.086
 0.718,     0.698,    [     0.000],    20.086

 pctg,    rr,    α,    β
 0.600,     0.693,    [     0.000],    20.086


seed_val:    4
 0.441,     0.401,    [     0.000],    20.086
 0.622,     0.604,    [     0.000],    20.086
 0.659,     0.644,    [     0.000],    20.086
 0.675,     0.650,    [     0.000],    20.086
 0.689,     0.659,    [     0.000],    20.086
 0.697,     0.670,    [     0.000],    20.086
 0.702,     0.669,    [     0.000],    20.086
 0.704,     0.666,    [     0.000],    20.086
 0.709,     0.673,    [     0.000],    20.086
 0.709,     0.664,    [     0.000],    20.086
 0.717,     0.678,    [     0.000],    20.086
 0.712,     0.667,    [     0.000],    20.086
 0.721,     0.680,    [     0.000],    20.086
 0.723,     0.676,    [     0.000],    20.086
 0.727,     0.678,    [     0.000],    20.086

 pctg,    rr,    α,    β
 0.600,     0.684,    [     0.000],    20.086


seed_val:    5
 0.533,     0.527,    [     0.000],    20.086
 0.656,     0.628,    [     0.000],    20.086
 0.668,     0.635,    [     0.000],    20.086
 0.673,     0.644,    [     0.000],    20.086
 0.683,     0.649,    [     0.000],    20.086
 0.689,     0.653,    [     0.000],    20.086
 0.693,     0.657,    [     0.000],    20.086
 0.698,     0.662,    [     0.000],    20.086
 0.700,     0.661,    [     0.000],    20.086
 0.706,     0.659,    [     0.000],    20.086
 0.710,     0.667,    [     0.000],    20.086
 0.713,     0.670,    [     0.000],    20.086
 0.717,     0.675,    [     0.000],    20.086
 0.716,     0.677,    [     0.000],    20.086
 0.724,     0.679,    [     0.000],    20.086

 pctg,    rr,    α,    β
 0.600,     0.703,    [     0.000],    20.086


seed_val:    6
 0.402,     0.360,    [     0.000],    20.086
 0.593,     0.571,    [     0.000],    20.086
 0.650,     0.633,    [     0.000],    20.086
 0.678,     0.664,    [     0.000],    20.086
 0.694,     0.681,    [     0.000],    20.086
 0.706,     0.696,    [     0.000],    20.086
 0.711,     0.696,    [     0.000],    20.086
 0.710,     0.697,    [     0.000],    20.086
 0.720,     0.707,    [     0.000],    20.086
 0.724,     0.716,    [     0.000],    20.086
 0.726,     0.715,    [     0.000],    20.086
 0.728,     0.710,    [     0.000],    20.086
 0.732,     0.718,    [     0.000],    20.086
 0.734,     0.714,    [     0.000],    20.086
 0.738,     0.724,    [     0.000],    20.086

 pctg,    rr,    α,    β
 0.600,     0.664,    [     0.000],    20.086


seed_val:    7
 0.344,     0.385,    [     0.000],    20.086
 0.598,     0.647,    [     0.000],    20.086
 0.629,     0.685,    [     0.000],    20.086
 0.645,     0.695,    [     0.000],    20.086
 0.653,     0.702,    [     0.000],    20.086
 0.662,     0.713,    [     0.000],    20.086
 0.667,     0.714,    [     0.000],    20.086
 0.675,     0.725,    [     0.000],    20.086
 0.681,     0.728,    [     0.000],    20.086
 0.688,     0.737,    [     0.000],    20.086
 0.691,     0.737,    [     0.000],    20.086
 0.700,     0.743,    [     0.000],    20.086
 0.701,     0.744,    [     0.000],    20.086
 0.708,     0.747,    [     0.000],    20.086
 0.715,     0.753,    [     0.000],    20.086

 pctg,    rr,    α,    β
 0.600,     0.710,    [     0.000],    20.086


seed_val:    8
 0.496,     0.475,    [     0.000],    20.086
 0.628,     0.619,    [     0.000],    20.086
 0.658,     0.645,    [     0.000],    20.086
 0.672,     0.666,    [     0.000],    20.086
 0.683,     0.679,    [     0.000],    20.086
 0.688,     0.685,    [     0.000],    20.086
 0.695,     0.691,    [     0.000],    20.086
 0.699,     0.702,    [     0.000],    20.086
 0.702,     0.704,    [     0.000],    20.086
 0.704,     0.701,    [     0.000],    20.086
 0.708,     0.706,    [     0.000],    20.086
 0.706,     0.706,    [     0.000],    20.086
 0.711,     0.713,    [     0.000],    20.086
 0.715,     0.714,    [     0.000],    20.086
 0.717,     0.712,    [     0.000],    20.086

 pctg,    rr,    α,    β
 0.600,     0.700,    [     0.000],    20.086


seed_val:    9
 0.338,     0.341,    [     0.000],    20.086
 0.596,     0.597,    [     0.000],    20.086
 0.644,     0.643,    [     0.000],    20.086
 0.663,     0.664,    [     0.000],    20.086
 0.678,     0.678,    [     0.000],    20.086
 0.691,     0.689,    [     0.000],    20.086
 0.700,     0.694,    [     0.000],    20.086
 0.708,     0.699,    [     0.000],    20.086
 0.713,     0.695,    [     0.000],    20.086
 0.720,     0.701,    [     0.000],    20.086
 0.723,     0.710,    [     0.000],    20.086
 0.729,     0.711,    [     0.000],    20.086
 0.734,     0.713,    [     0.000],    20.086
 0.738,     0.718,    [     0.000],    20.086
 0.737,     0.716,    [     0.000],    20.086

 pctg,    rr,    α,    β
 0.600,     0.688,    [     0.000],    20.086


seed_val:    10
 0.296,     0.323,    [     0.000],    20.086
 0.580,     0.599,    [     0.000],    20.086
 0.642,     0.659,    [     0.000],    20.086
 0.666,     0.672,    [     0.000],    20.086
 0.678,     0.680,    [     0.000],    20.086
 0.686,     0.692,    [     0.000],    20.086
 0.687,     0.700,    [     0.000],    20.086
 0.692,     0.699,    [     0.000],    20.086
 0.698,     0.703,    [     0.000],    20.086
 0.698,     0.697,    [     0.000],    20.086
 0.705,     0.709,    [     0.000],    20.086
 0.708,     0.704,    [     0.000],    20.086
 0.710,     0.713,    [     0.000],    20.086
 0.716,     0.715,    [     0.000],    20.086
 0.718,     0.717,    [     0.000],    20.086

 pctg,    rr,    α,    β
 0.600,     0.647,    [     0.000],    20.086

 trans: climate_2007_precipitation,     0.686 ±  0.021
 α, β: [     0.000] ± [     0.000], 20.086 ±  0.000


seed_val:    1
 0.706,     0.682,    [     0.000],    20.086
 0.746,     0.710,    [     0.000],    20.086
 0.757,     0.720,    [     0.000],    20.086
 0.769,     0.741,    [     0.000],    20.086
 0.774,     0.739,    [     0.000],    20.086
 0.783,     0.754,    [     0.000],    20.086
 0.789,     0.758,    [     0.000],    20.086
 0.793,     0.760,    [     0.000],    20.086
 0.798,     0.764,    [     0.000],    20.086
 0.801,     0.769,    [     0.000],    20.086
 0.803,     0.771,    [     0.000],    20.086
 0.808,     0.764,    [     0.000],    20.086
 0.814,     0.771,    [     0.000],    20.086
 0.815,     0.774,    [     0.000],    20.086
 0.819,     0.772,    [     0.000],    20.086

 pctg,    rr,    α,    β
 0.600,     0.810,    [     0.000],    20.086


seed_val:    2
 0.546,     0.553,    [     0.000],    20.086
 0.726,     0.707,    [     0.000],    20.086
 0.754,     0.729,    [     0.000],    20.086
 0.767,     0.741,    [     0.000],    20.086
 0.776,     0.753,    [     0.000],    20.086
 0.782,     0.759,    [     0.000],    20.086
 0.785,     0.760,    [     0.000],    20.086
 0.790,     0.767,    [     0.000],    20.086
 0.794,     0.771,    [     0.000],    20.086
 0.799,     0.779,    [     0.000],    20.086
 0.802,     0.779,    [     0.000],    20.086
 0.805,     0.784,    [     0.000],    20.086
 0.811,     0.789,    [     0.000],    20.086
 0.815,     0.793,    [     0.000],    20.086
 0.818,     0.797,    [     0.000],    20.086

 pctg,    rr,    α,    β
 0.600,     0.821,    [     0.000],    20.086


seed_val:    3
 0.697,     0.708,    [     0.000],    20.086
 0.731,     0.739,    [     0.000],    20.086
 0.745,     0.754,    [     0.000],    20.086
 0.756,     0.767,    [     0.000],    20.086
 0.764,     0.776,    [     0.000],    20.086
 0.769,     0.778,    [     0.000],    20.086
 0.773,     0.781,    [     0.000],    20.086
 0.779,     0.786,    [     0.000],    20.086
 0.782,     0.787,    [     0.000],    20.086
 0.785,     0.790,    [     0.000],    20.086
 0.790,     0.795,    [     0.000],    20.086
 0.792,     0.802,    [     0.000],    20.086
 0.795,     0.805,    [     0.000],    20.086
 0.797,     0.807,    [     0.000],    20.086
 0.800,     0.808,    [     0.000],    20.086

 pctg,    rr,    α,    β
 0.600,     0.817,    [     0.000],    20.086


seed_val:    4
 0.452,     0.490,    [     0.000],    20.086
 0.716,     0.713,    [     0.000],    20.086
 0.751,     0.739,    [     0.000],    20.086
 0.762,     0.749,    [     0.000],    20.086
 0.772,     0.753,    [     0.000],    20.086
 0.777,     0.758,    [     0.000],    20.086
 0.781,     0.764,    [     0.000],    20.086
 0.778,     0.762,    [     0.000],    20.086
 0.789,     0.765,    [     0.000],    20.086
 0.790,     0.762,    [     0.000],    20.086
 0.795,     0.771,    [     0.000],    20.086
 0.798,     0.772,    [     0.000],    20.086
 0.800,     0.773,    [     0.000],    20.086
 0.804,     0.775,    [     0.000],    20.086
 0.804,     0.772,    [     0.000],    20.086

 pctg,    rr,    α,    β
 0.600,     0.790,    [     0.000],    20.086


seed_val:    5
 0.648,     0.625,    [     0.000],    20.086
 0.743,     0.696,    [     0.000],    20.086
 0.762,     0.714,    [     0.000],    20.086
 0.775,     0.725,    [     0.000],    20.086
 0.779,     0.734,    [     0.000],    20.086
 0.787,     0.736,    [     0.000],    20.086
 0.795,     0.742,    [     0.000],    20.086
 0.800,     0.747,    [     0.000],    20.086
 0.804,     0.754,    [     0.000],    20.086
 0.809,     0.752,    [     0.000],    20.086
 0.814,     0.765,    [     0.000],    20.086
 0.818,     0.767,    [     0.000],    20.086
 0.810,     0.762,    [     0.000],    20.086
 0.825,     0.774,    [     0.000],    20.086
 0.828,     0.774,    [     0.000],    20.086

 pctg,    rr,    α,    β
 0.600,     0.799,    [     0.000],    20.086


seed_val:    6
 0.705,     0.691,    [     0.000],    20.086
 0.756,     0.738,    [     0.000],    20.086
 0.774,     0.753,    [     0.000],    20.086
 0.787,     0.762,    [     0.000],    20.086
 0.796,     0.770,    [     0.000],    20.086
 0.806,     0.779,    [     0.000],    20.086
 0.813,     0.784,    [     0.000],    20.086
 0.817,     0.790,    [     0.000],    20.086
 0.825,     0.796,    [     0.000],    20.086
 0.831,     0.798,    [     0.000],    20.086
 0.833,     0.803,    [     0.000],    20.086
 0.836,     0.801,    [     0.000],    20.086
 0.840,     0.805,    [     0.000],    20.086
 0.843,     0.807,    [     0.000],    20.086
 0.847,     0.810,    [     0.000],    20.086

 pctg,    rr,    α,    β
 0.600,     0.782,    [     0.000],    20.086


seed_val:    7
 0.428,     0.464,    [     0.000],    20.086
 0.662,     0.679,    [     0.000],    20.086
 0.761,     0.777,    [     0.000],    20.086
 0.777,     0.792,    [     0.000],    20.086
 0.787,     0.804,    [     0.000],    20.086
 0.792,     0.810,    [     0.000],    20.086
 0.796,     0.814,    [     0.000],    20.086
 0.800,     0.820,    [     0.000],    20.086
 0.803,     0.823,    [     0.000],    20.086
 0.806,     0.827,    [     0.000],    20.086
 0.809,     0.828,    [     0.000],    20.086
 0.811,     0.827,    [     0.000],    20.086
 0.813,     0.829,    [     0.000],    20.086
 0.815,     0.830,    [     0.000],    20.086
 0.818,     0.834,    [     0.000],    20.086

 pctg,    rr,    α,    β
 0.600,     0.775,    [     0.000],    20.086


seed_val:    8
 0.665,     0.683,    [     0.000],    20.086
 0.740,     0.738,    [     0.000],    20.086
 0.755,     0.749,    [     0.000],    20.086
 0.764,     0.753,    [     0.000],    20.086
 0.768,     0.750,    [     0.000],    20.086
 0.773,     0.755,    [     0.000],    20.086
 0.778,     0.763,    [     0.000],    20.086
 0.780,     0.763,    [     0.000],    20.086
 0.785,     0.768,    [     0.000],    20.086
 0.787,     0.769,    [     0.000],    20.086
 0.790,     0.773,    [     0.000],    20.086
 0.792,     0.769,    [     0.000],    20.086
 0.793,     0.771,    [     0.000],    20.086
 0.798,     0.777,    [     0.000],    20.086
 0.800,     0.775,    [     0.000],    20.086

 pctg,    rr,    α,    β
 0.600,     0.817,    [     0.000],    20.086


seed_val:    9
 0.639,     0.666,    [     0.000],    20.086
 0.735,     0.744,    [     0.000],    20.086
 0.747,     0.746,    [     0.000],    20.086
 0.758,     0.755,    [     0.000],    20.086
 0.765,     0.762,    [     0.000],    20.086
 0.770,     0.767,    [     0.000],    20.086
 0.777,     0.766,    [     0.000],    20.086
 0.780,     0.762,    [     0.000],    20.086
 0.785,     0.762,    [     0.000],    20.086
 0.790,     0.769,    [     0.000],    20.086
 0.791,     0.767,    [     0.000],    20.086
 0.796,     0.769,    [     0.000],    20.086
 0.798,     0.772,    [     0.000],    20.086
 0.802,     0.775,    [     0.000],    20.086
 0.803,     0.773,    [     0.000],    20.086

 pctg,    rr,    α,    β
 0.600,     0.796,    [     0.000],    20.086


seed_val:    10
 0.538,     0.555,    [     0.000],    20.086
 0.733,     0.753,    [     0.000],    20.086
 0.755,     0.774,    [     0.000],    20.086
 0.762,     0.778,    [     0.000],    20.086
 0.769,     0.783,    [     0.000],    20.086
 0.774,     0.787,    [     0.000],    20.086
 0.778,     0.789,    [     0.000],    20.086
 0.782,     0.793,    [     0.000],    20.086
 0.787,     0.798,    [     0.000],    20.086
 0.791,     0.802,    [     0.000],    20.086
 0.795,     0.803,    [     0.000],    20.086
 0.797,     0.804,    [     0.000],    20.086
 0.800,     0.808,    [     0.000],    20.086
 0.801,     0.808,    [     0.000],    20.086
 0.802,     0.808,    [     0.000],    20.086

 pctg,    rr,    α,    β
 0.600,     0.745,    [     0.000],    20.086

 trans: climate_2007_sunlight,     0.795 ±  0.024
 α, β: [     0.000] ± [     0.000], 20.086 ±  0.000


seed_val:    1
 0.490,     0.468,    [     0.000],    20.086
 0.570,     0.514,    [     0.000],    20.086
 0.602,     0.545,    [     0.000],    20.086
 0.615,     0.552,    [     0.000],    20.086
 0.633,     0.569,    [     0.000],    20.086
 0.642,     0.569,    [     0.000],    20.086
 0.658,     0.590,    [     0.000],    20.086
 0.667,     0.593,    [     0.000],    20.086
 0.673,     0.601,    [     0.000],    20.086
 0.679,     0.599,    [     0.000],    20.086
 0.683,     0.607,    [     0.000],    20.086
 0.687,     0.606,    [     0.000],    20.086
 0.690,     0.611,    [     0.000],    20.086
 0.693,     0.609,    [     0.000],    20.086
 0.698,     0.614,    [     0.000],    20.086

 pctg,    rr,    α,    β
 0.600,     0.625,    [     0.000],    20.086


seed_val:    2
 0.288,     0.258,    [     0.000],    20.086
 0.476,     0.432,    [     0.000],    20.086
 0.551,     0.486,    [     0.000],    20.086
 0.587,     0.520,    [     0.000],    20.086
 0.609,     0.538,    [     0.000],    20.086
 0.626,     0.554,    [     0.000],    20.086
 0.636,     0.565,    [     0.000],    20.086
 0.640,     0.577,    [     0.000],    20.086
 0.646,     0.581,    [     0.000],    20.086
 0.656,     0.588,    [     0.000],    20.086
 0.671,     0.595,    [     0.000],    20.086
 0.676,     0.599,    [     0.000],    20.086
 0.680,     0.611,    [     0.000],    20.086
 0.685,     0.618,    [     0.000],    20.086
 0.690,     0.616,    [     0.000],    20.086

 pctg,    rr,    α,    β
 0.600,     0.615,    [     0.000],    20.086


seed_val:    3
 0.191,     0.197,    [     0.000],    20.086
 0.466,     0.414,    [     0.000],    20.086
 0.518,     0.469,    [     0.000],    20.086
 0.558,     0.502,    [     0.000],    20.086
 0.579,     0.526,    [     0.000],    20.086
 0.587,     0.549,    [     0.000],    20.086
 0.606,     0.561,    [     0.000],    20.086
 0.624,     0.573,    [     0.000],    20.086
 0.637,     0.587,    [     0.000],    20.086
 0.645,     0.601,    [     0.000],    20.086
 0.659,     0.607,    [     0.000],    20.086
 0.667,     0.615,    [     0.000],    20.086
 0.672,     0.612,    [     0.000],    20.086
 0.676,     0.622,    [     0.000],    20.086
 0.684,     0.619,    [     0.000],    20.086

 pctg,    rr,    α,    β
 0.600,     0.673,    [     0.000],    20.086


seed_val:    4
 0.398,     0.384,    [     0.000],    20.086
 0.534,     0.504,    [     0.000],    20.086
 0.560,     0.519,    [     0.000],    20.086
 0.574,     0.529,    [     0.000],    20.086
 0.592,     0.544,    [     0.000],    20.086
 0.607,     0.552,    [     0.000],    20.086
 0.616,     0.563,    [     0.000],    20.086
 0.631,     0.578,    [     0.000],    20.086
 0.637,     0.584,    [     0.000],    20.086
 0.646,     0.594,    [     0.000],    20.086
 0.651,     0.599,    [     0.000],    20.086
 0.659,     0.595,    [     0.000],    20.086
 0.665,     0.611,    [     0.000],    20.086
 0.663,     0.608,    [     0.000],    20.086
 0.673,     0.617,    [     0.000],    20.086

 pctg,    rr,    α,    β
 0.600,     0.643,    [     0.000],    20.086


seed_val:    5
 0.314,     0.312,    [     0.000],    20.086
 0.487,     0.476,    [     0.000],    20.086
 0.535,     0.528,    [     0.000],    20.086
 0.557,     0.556,    [     0.000],    20.086
 0.575,     0.568,    [     0.000],    20.086
 0.586,     0.570,    [     0.000],    20.086
 0.597,     0.582,    [     0.000],    20.086
 0.611,     0.590,    [     0.000],    20.086
 0.618,     0.592,    [     0.000],    20.086
 0.627,     0.600,    [     0.000],    20.086
 0.631,     0.600,    [     0.000],    20.086
 0.636,     0.605,    [     0.000],    20.086
 0.640,     0.600,    [     0.000],    20.086
 0.649,     0.610,    [     0.000],    20.086
 0.650,     0.605,    [     0.000],    20.086

 pctg,    rr,    α,    β
 0.600,     0.671,    [     0.000],    20.086


seed_val:    6
 0.213,     0.218,    [     0.000],    20.086
 0.515,     0.500,    [     0.000],    20.086
 0.564,     0.551,    [     0.000],    20.086
 0.586,     0.572,    [     0.000],    20.086
 0.598,     0.582,    [     0.000],    20.086
 0.609,     0.597,    [     0.000],    20.086
 0.614,     0.615,    [     0.000],    20.086
 0.627,     0.625,    [     0.000],    20.086
 0.632,     0.628,    [     0.000],    20.086
 0.645,     0.642,    [     0.000],    20.086
 0.650,     0.645,    [     0.000],    20.086
 0.650,     0.652,    [     0.000],    20.086
 0.664,     0.665,    [     0.000],    20.086
 0.669,     0.673,    [     0.000],    20.086
 0.677,     0.681,    [     0.000],    20.086

 pctg,    rr,    α,    β
 0.600,     0.603,    [     0.000],    20.086


seed_val:    7
 0.287,     0.332,    [     0.000],    20.086
 0.530,     0.559,    [     0.000],    20.086
 0.569,     0.590,    [     0.000],    20.086
 0.586,     0.599,    [     0.000],    20.086
 0.603,     0.621,    [     0.000],    20.086
 0.616,     0.627,    [     0.000],    20.086
 0.629,     0.638,    [     0.000],    20.086
 0.637,     0.636,    [     0.000],    20.086
 0.640,     0.628,    [     0.000],    20.086
 0.648,     0.648,    [     0.000],    20.086
 0.652,     0.649,    [     0.000],    20.086
 0.659,     0.649,    [     0.000],    20.086
 0.664,     0.657,    [     0.000],    20.086
 0.665,     0.655,    [     0.000],    20.086
 0.664,     0.645,    [     0.000],    20.086

 pctg,    rr,    α,    β
 0.600,     0.635,    [     0.000],    20.086


seed_val:    8
 0.413,     0.448,    [     0.000],    20.086
 0.526,     0.567,    [     0.000],    20.086
 0.553,     0.584,    [     0.000],    20.086
 0.572,     0.597,    [     0.000],    20.086
 0.589,     0.604,    [     0.000],    20.086
 0.600,     0.614,    [     0.000],    20.086
 0.609,     0.623,    [     0.000],    20.086
 0.620,     0.629,    [     0.000],    20.086
 0.631,     0.642,    [     0.000],    20.086
 0.637,     0.644,    [     0.000],    20.086
 0.645,     0.649,    [     0.000],    20.086
 0.650,     0.653,    [     0.000],    20.086
 0.663,     0.665,    [     0.000],    20.086
 0.668,     0.666,    [     0.000],    20.086
 0.674,     0.674,    [     0.000],    20.086

 pctg,    rr,    α,    β
 0.600,     0.684,    [     0.000],    20.086


seed_val:    9
 0.265,     0.258,    [     0.000],    20.086
 0.471,     0.426,    [     0.000],    20.086
 0.537,     0.483,    [     0.000],    20.086
 0.579,     0.508,    [     0.000],    20.086
 0.599,     0.523,    [     0.000],    20.086
 0.614,     0.526,    [     0.000],    20.086
 0.626,     0.534,    [     0.000],    20.086
 0.635,     0.546,    [     0.000],    20.086
 0.641,     0.554,    [     0.000],    20.086
 0.646,     0.567,    [     0.000],    20.086
 0.654,     0.572,    [     0.000],    20.086
 0.660,     0.581,    [     0.000],    20.086
 0.662,     0.583,    [     0.000],    20.086
 0.664,     0.589,    [     0.000],    20.086
 0.672,     0.596,    [     0.000],    20.086

 pctg,    rr,    α,    β
 0.600,     0.672,    [     0.000],    20.086


seed_val:    10
 0.272,     0.252,    [     0.000],    20.086
 0.489,     0.460,    [     0.000],    20.086
 0.553,     0.522,    [     0.000],    20.086
 0.586,     0.544,    [     0.000],    20.086
 0.603,     0.557,    [     0.000],    20.086
 0.613,     0.566,    [     0.000],    20.086
 0.621,     0.580,    [     0.000],    20.086
 0.632,     0.583,    [     0.000],    20.086
 0.634,     0.587,    [     0.000],    20.086
 0.635,     0.590,    [     0.000],    20.086
 0.638,     0.583,    [     0.000],    20.086
 0.653,     0.606,    [     0.000],    20.086
 0.658,     0.611,    [     0.000],    20.086
 0.666,     0.615,    [     0.000],    20.086
 0.669,     0.615,    [     0.000],    20.086

 pctg,    rr,    α,    β
 0.600,     0.623,    [     0.000],    20.086

 trans: climate_2007_pm2.5,     0.644 ±  0.029
 α, β: [     0.000] ± [     0.000], 20.086 ±  0.000