seed_val:    1
 0.812,     0.817,    [     0.000],    20.086
 0.899,     0.902,    [     0.000],    20.086
 0.915,     0.915,    [     0.000],    20.086
 0.925,     0.923,    [     0.000],    20.086
 0.930,     0.927,    [     0.000],    20.086
 0.934,     0.931,    [     0.000],    20.086
 0.938,     0.934,    [     0.000],    20.086
 0.940,     0.936,    [     0.000],    20.086
 0.942,     0.938,    [     0.000],    20.086
 0.944,     0.939,    [     0.000],    20.086
 0.946,     0.941,    [     0.000],    20.086
 0.948,     0.943,    [     0.000],    20.086
 0.949,     0.944,    [     0.000],    20.086
 0.950,     0.945,    [     0.000],    20.086
 0.951,     0.945,    [     0.000],    20.086

 pctg,    rr,    α,    β
 0.600,     0.953,    [     0.000],    20.086


seed_val:    2
 0.876,     0.864,    [     0.000],    20.086
 0.924,     0.912,    [     0.000],    20.086
 0.935,     0.924,    [     0.000],    20.086
 0.941,     0.932,    [     0.000],    20.086
 0.945,     0.936,    [     0.000],    20.086
 0.948,     0.940,    [     0.000],    20.086
 0.949,     0.941,    [     0.000],    20.086
 0.952,     0.945,    [     0.000],    20.086
 0.954,     0.947,    [     0.000],    20.086
 0.956,     0.949,    [     0.000],    20.086
 0.957,     0.951,    [     0.000],    20.086
 0.959,     0.952,    [     0.000],    20.086
 0.959,     0.952,    [     0.000],    20.086
 0.960,     0.954,    [     0.000],    20.086
 0.961,     0.954,    [     0.000],    20.086

 pctg,    rr,    α,    β
 0.600,     0.953,    [     0.000],    20.086


seed_val:    3
 0.836,     0.834,    [     0.000],    20.086
 0.923,     0.920,    [     0.000],    20.086
 0.934,     0.929,    [     0.000],    20.086
 0.939,     0.934,    [     0.000],    20.086
 0.944,     0.939,    [     0.000],    20.086
 0.947,     0.942,    [     0.000],    20.086
 0.950,     0.943,    [     0.000],    20.086
 0.951,     0.945,    [     0.000],    20.086
 0.953,     0.947,    [     0.000],    20.086
 0.954,     0.947,    [     0.000],    20.086
 0.956,     0.950,    [     0.000],    20.086
 0.956,     0.951,    [     0.000],    20.086
 0.957,     0.952,    [     0.000],    20.086
 0.958,     0.951,    [     0.000],    20.086
 0.959,     0.952,    [     0.000],    20.086

 pctg,    rr,    α,    β
 0.600,     0.948,    [     0.000],    20.086


seed_val:    4
 0.851,     0.852,    [     0.000],    20.086
 0.909,     0.905,    [     0.000],    20.086
 0.930,     0.923,    [     0.000],    20.086
 0.939,     0.931,    [     0.000],    20.086
 0.946,     0.936,    [     0.000],    20.086
 0.950,     0.940,    [     0.000],    20.086
 0.954,     0.944,    [     0.000],    20.086
 0.955,     0.945,    [     0.000],    20.086
 0.957,     0.946,    [     0.000],    20.086
 0.958,     0.947,    [     0.000],    20.086
 0.960,     0.948,    [     0.000],    20.086
 0.961,     0.950,    [     0.000],    20.086
 0.961,     0.949,    [     0.000],    20.086
 0.962,     0.951,    [     0.000],    20.086
 0.964,     0.952,    [     0.000],    20.086

 pctg,    rr,    α,    β
 0.600,     0.961,    [     0.000],    20.086


seed_val:    5
 0.785,     0.758,    [     0.000],    20.086
 0.898,     0.880,    [     0.000],    20.086
 0.926,     0.910,    [     0.000],    20.086
 0.934,     0.919,    [     0.000],    20.086
 0.938,     0.923,    [     0.000],    20.086
 0.943,     0.929,    [     0.000],    20.086
 0.945,     0.929,    [     0.000],    20.086
 0.947,     0.932,    [     0.000],    20.086
 0.950,     0.933,    [     0.000],    20.086
 0.951,     0.935,    [     0.000],    20.086
 0.952,     0.937,    [     0.000],    20.086
 0.954,     0.939,    [     0.000],    20.086
 0.955,     0.940,    [     0.000],    20.086
 0.956,     0.941,    [     0.000],    20.086
 0.956,     0.941,    [     0.000],    20.086

 pctg,    rr,    α,    β
 0.600,     0.950,    [     0.000],    20.086


seed_val:    6
 0.830,     0.857,    [     0.000],    20.086
 0.886,     0.907,    [     0.000],    20.086
 0.910,     0.922,    [     0.000],    20.086
 0.924,     0.933,    [     0.000],    20.086
 0.932,     0.940,    [     0.000],    20.086
 0.936,     0.943,    [     0.000],    20.086
 0.940,     0.944,    [     0.000],    20.086
 0.943,     0.946,    [     0.000],    20.086
 0.947,     0.950,    [     0.000],    20.086
 0.950,     0.953,    [     0.000],    20.086
 0.952,     0.954,    [     0.000],    20.086
 0.954,     0.955,    [     0.000],    20.086
 0.955,     0.955,    [     0.000],    20.086
 0.957,     0.957,    [     0.000],    20.086
 0.957,     0.957,    [     0.000],    20.086

 pctg,    rr,    α,    β
 0.600,     0.948,    [     0.000],    20.086


seed_val:    7
 0.842,     0.850,    [     0.000],    20.086
 0.918,     0.926,    [     0.000],    20.086
 0.927,     0.933,    [     0.000],    20.086
 0.932,     0.936,    [     0.000],    20.086
 0.936,     0.940,    [     0.000],    20.086
 0.941,     0.945,    [     0.000],    20.086
 0.944,     0.946,    [     0.000],    20.086
 0.948,     0.950,    [     0.000],    20.086
 0.950,     0.951,    [     0.000],    20.086
 0.952,     0.952,    [     0.000],    20.086
 0.954,     0.953,    [     0.000],    20.086
 0.954,     0.953,    [     0.000],    20.086
 0.956,     0.954,    [     0.000],    20.086
 0.956,     0.955,    [     0.000],    20.086
 0.958,     0.955,    [     0.000],    20.086

 pctg,    rr,    α,    β
 0.600,     0.950,    [     0.000],    20.086


seed_val:    8
 0.848,     0.844,    [     0.000],    20.086
 0.910,     0.907,    [     0.000],    20.086
 0.923,     0.919,    [     0.000],    20.086
 0.930,     0.925,    [     0.000],    20.086
 0.936,     0.932,    [     0.000],    20.086
 0.940,     0.936,    [     0.000],    20.086
 0.944,     0.939,    [     0.000],    20.086
 0.947,     0.942,    [     0.000],    20.086
 0.950,     0.945,    [     0.000],    20.086
 0.951,     0.946,    [     0.000],    20.086
 0.954,     0.948,    [     0.000],    20.086
 0.955,     0.947,    [     0.000],    20.086
 0.956,     0.949,    [     0.000],    20.086
 0.958,     0.950,    [     0.000],    20.086
 0.959,     0.951,    [     0.000],    20.086

 pctg,    rr,    α,    β
 0.600,     0.958,    [     0.000],    20.086


seed_val:    9
 0.473,     0.427,    [     0.000],    20.086
 0.864,     0.875,    [     0.000],    20.086
 0.901,     0.910,    [     0.000],    20.086
 0.917,     0.923,    [     0.000],    20.086
 0.927,     0.931,    [     0.000],    20.086
 0.934,     0.938,    [     0.000],    20.086
 0.938,     0.942,    [     0.000],    20.086
 0.942,     0.946,    [     0.000],    20.086
 0.945,     0.948,    [     0.000],    20.086
 0.947,     0.951,    [     0.000],    20.086
 0.948,     0.952,    [     0.000],    20.086
 0.950,     0.953,    [     0.000],    20.086
 0.951,     0.955,    [     0.000],    20.086
 0.952,     0.956,    [     0.000],    20.086
 0.953,     0.956,    [     0.000],    20.086

 pctg,    rr,    α,    β
 0.600,     0.950,    [     0.000],    20.086


seed_val:    10
 0.897,     0.893,    [     0.000],    20.086
 0.923,     0.926,    [     0.000],    20.086
 0.931,     0.936,    [     0.000],    20.086
 0.936,     0.940,    [     0.000],    20.086
 0.940,     0.945,    [     0.000],    20.086
 0.942,     0.949,    [     0.000],    20.086
 0.945,     0.950,    [     0.000],    20.086
 0.947,     0.952,    [     0.000],    20.086
 0.948,     0.955,    [     0.000],    20.086
 0.950,     0.955,    [     0.000],    20.086
 0.952,     0.957,    [     0.000],    20.086
 0.953,     0.957,    [     0.000],    20.086
 0.954,     0.958,    [     0.000],    20.086
 0.956,     0.959,    [     0.000],    20.086
 0.957,     0.959,    [     0.000],    20.086

 pctg,    rr,    α,    β
 0.600,     0.952,    [     0.000],    20.086

 trans: climate_2007_airT,     0.952 ±  0.004
 α, β: [     0.000] ± [     0.000], 20.086 ±  0.000


seed_val:    1
 0.839,     0.844,    [     0.000],    20.086
 0.860,     0.866,    [     0.000],    20.086
 0.869,     0.874,    [     0.000],    20.086
 0.875,     0.879,    [     0.000],    20.086
 0.879,     0.881,    [     0.000],    20.086
 0.883,     0.886,    [     0.000],    20.086
 0.889,     0.891,    [     0.000],    20.086
 0.892,     0.892,    [     0.000],    20.086
 0.896,     0.893,    [     0.000],    20.086
 0.897,     0.894,    [     0.000],    20.086
 0.900,     0.897,    [     0.000],    20.086
 0.902,     0.897,    [     0.000],    20.086
 0.903,     0.899,    [     0.000],    20.086
 0.904,     0.899,    [     0.000],    20.086
 0.904,     0.899,    [     0.000],    20.086

 pctg,    rr,    α,    β
 0.600,     0.904,    [     0.000],    20.086


seed_val:    2
 0.809,     0.785,    [     0.000],    20.086
 0.852,     0.838,    [     0.000],    20.086
 0.868,     0.856,    [     0.000],    20.086
 0.878,     0.864,    [     0.000],    20.086
 0.884,     0.871,    [     0.000],    20.086
 0.890,     0.877,    [     0.000],    20.086
 0.892,     0.876,    [     0.000],    20.086
 0.900,     0.886,    [     0.000],    20.086
 0.904,     0.891,    [     0.000],    20.086
 0.904,     0.895,    [     0.000],    20.086
 0.908,     0.893,    [     0.000],    20.086
 0.911,     0.896,    [     0.000],    20.086
 0.913,     0.899,    [     0.000],    20.086
 0.915,     0.899,    [     0.000],    20.086
 0.916,     0.900,    [     0.000],    20.086

 pctg,    rr,    α,    β
 0.600,     0.923,    [     0.000],    20.086


seed_val:    3
 0.551,     0.592,    [     0.000],    20.086
 0.773,     0.789,    [     0.000],    20.086
 0.829,     0.847,    [     0.000],    20.086
 0.849,     0.865,    [     0.000],    20.086
 0.865,     0.878,    [     0.000],    20.086
 0.877,     0.884,    [     0.000],    20.086
 0.885,     0.890,    [     0.000],    20.086
 0.891,     0.897,    [     0.000],    20.086
 0.892,     0.897,    [     0.000],    20.086
 0.897,     0.899,    [     0.000],    20.086
 0.898,     0.905,    [     0.000],    20.086
 0.900,     0.908,    [     0.000],    20.086
 0.903,     0.909,    [     0.000],    20.086
 0.903,     0.911,    [     0.000],    20.086
 0.906,     0.912,    [     0.000],    20.086

 pctg,    rr,    α,    β
 0.600,     0.899,    [     0.000],    20.086


seed_val:    4
 0.736,     0.746,    [     0.000],    20.086
 0.838,     0.838,    [     0.000],    20.086
 0.868,     0.860,    [     0.000],    20.086
 0.879,     0.868,    [     0.000],    20.086
 0.886,     0.875,    [     0.000],    20.086
 0.891,     0.885,    [     0.000],    20.086
 0.896,     0.889,    [     0.000],    20.086
 0.901,     0.892,    [     0.000],    20.086
 0.904,     0.896,    [     0.000],    20.086
 0.908,     0.899,    [     0.000],    20.086
 0.910,     0.901,    [     0.000],    20.086
 0.914,     0.902,    [     0.000],    20.086
 0.915,     0.904,    [     0.000],    20.086
 0.916,     0.904,    [     0.000],    20.086
 0.918,     0.907,    [     0.000],    20.086

 pctg,    rr,    α,    β
 0.600,     0.907,    [     0.000],    20.086


seed_val:    5
 0.833,     0.837,    [     0.000],    20.086
 0.858,     0.865,    [     0.000],    20.086
 0.870,     0.875,    [     0.000],    20.086
 0.878,     0.882,    [     0.000],    20.086
 0.884,     0.886,    [     0.000],    20.086
 0.886,     0.887,    [     0.000],    20.086
 0.890,     0.891,    [     0.000],    20.086
 0.894,     0.893,    [     0.000],    20.086
 0.897,     0.895,    [     0.000],    20.086
 0.900,     0.897,    [     0.000],    20.086
 0.900,     0.898,    [     0.000],    20.086
 0.904,     0.899,    [     0.000],    20.086
 0.902,     0.893,    [     0.000],    20.086
 0.908,     0.903,    [     0.000],    20.086
 0.908,     0.901,    [     0.000],    20.086

 pctg,    rr,    α,    β
 0.600,     0.901,    [     0.000],    20.086


seed_val:    6
 0.663,     0.709,    [     0.000],    20.086
 0.759,     0.797,    [     0.000],    20.086
 0.819,     0.840,    [     0.000],    20.086
 0.848,     0.862,    [     0.000],    20.086
 0.862,     0.871,    [     0.000],    20.086
 0.873,     0.877,    [     0.000],    20.086
 0.879,     0.878,    [     0.000],    20.086
 0.886,     0.883,    [     0.000],    20.086
 0.889,     0.885,    [     0.000],    20.086
 0.895,     0.887,    [     0.000],    20.086
 0.898,     0.891,    [     0.000],    20.086
 0.901,     0.893,    [     0.000],    20.086
 0.902,     0.893,    [     0.000],    20.086
 0.904,     0.894,    [     0.000],    20.086
 0.907,     0.896,    [     0.000],    20.086

 pctg,    rr,    α,    β
 0.600,     0.892,    [     0.000],    20.086


seed_val:    7
 0.592,     0.548,    [     0.000],    20.086
 0.803,     0.792,    [     0.000],    20.086
 0.844,     0.834,    [     0.000],    20.086
 0.864,     0.857,    [     0.000],    20.086
 0.877,     0.874,    [     0.000],    20.086
 0.886,     0.883,    [     0.000],    20.086
 0.893,     0.888,    [     0.000],    20.086
 0.897,     0.890,    [     0.000],    20.086
 0.899,     0.897,    [     0.000],    20.086
 0.902,     0.896,    [     0.000],    20.086
 0.906,     0.899,    [     0.000],    20.086
 0.908,     0.901,    [     0.000],    20.086
 0.910,     0.903,    [     0.000],    20.086
 0.912,     0.906,    [     0.000],    20.086
 0.915,     0.908,    [     0.000],    20.086

 pctg,    rr,    α,    β
 0.600,     0.905,    [     0.000],    20.086


seed_val:    8
 0.825,     0.812,    [     0.000],    20.086
 0.855,     0.842,    [     0.000],    20.086
 0.866,     0.853,    [     0.000],    20.086
 0.878,     0.870,    [     0.000],    20.086
 0.884,     0.871,    [     0.000],    20.086
 0.891,     0.885,    [     0.000],    20.086
 0.897,     0.886,    [     0.000],    20.086
 0.900,     0.892,    [     0.000],    20.086
 0.904,     0.895,    [     0.000],    20.086
 0.907,     0.897,    [     0.000],    20.086
 0.907,     0.900,    [     0.000],    20.086
 0.909,     0.898,    [     0.000],    20.086
 0.911,     0.900,    [     0.000],    20.086
 0.912,     0.903,    [     0.000],    20.086
 0.912,     0.904,    [     0.000],    20.086

 pctg,    rr,    α,    β
 0.600,     0.904,    [     0.000],    20.086


seed_val:    9
 0.238,     0.200,    [     0.000],    20.086
 0.479,     0.465,    [     0.000],    20.086
 0.536,     0.523,    [     0.000],    20.086
 0.578,     0.565,    [     0.000],    20.086
 0.617,     0.602,    [     0.000],    20.086
 0.647,     0.632,    [     0.000],    20.086
 0.672,     0.657,    [     0.000],    20.086
 0.695,     0.681,    [     0.000],    20.086
 0.714,     0.699,    [     0.000],    20.086
 0.732,     0.719,    [     0.000],    20.086
 0.756,     0.744,    [     0.000],    20.086
 0.883,     0.877,    [     0.000],    20.086
 0.891,     0.887,    [     0.000],    20.086
 0.897,     0.891,    [     0.000],    20.086
 0.901,     0.894,    [     0.000],    20.086

 pctg,    rr,    α,    β
 0.600,     0.893,    [     0.000],    20.086


seed_val:    10
 0.765,     0.757,    [     0.000],    20.086
 0.848,     0.831,    [     0.000],    20.086
 0.869,     0.852,    [     0.000],    20.086
 0.883,     0.866,    [     0.000],    20.086
 0.891,     0.873,    [     0.000],    20.086
 0.894,     0.881,    [     0.000],    20.086
 0.899,     0.884,    [     0.000],    20.086
 0.903,     0.887,    [     0.000],    20.086
 0.905,     0.890,    [     0.000],    20.086
 0.906,     0.890,    [     0.000],    20.086
 0.909,     0.893,    [     0.000],    20.086
 0.910,     0.896,    [     0.000],    20.086
 0.910,     0.899,    [     0.000],    20.086
 0.913,     0.897,    [     0.000],    20.086
 0.916,     0.903,    [     0.000],    20.086

 pctg,    rr,    α,    β
 0.600,     0.911,    [     0.000],    20.086

 trans: climate_2007_landT,     0.904 ±  0.009
 α, β: [     0.000] ± [     0.000], 20.086 ±  0.000


seed_val:    1
 0.564,     0.582,    [     0.000],    20.086
 0.647,     0.651,    [     0.000],    20.086
 0.676,     0.679,    [     0.000],    20.086
 0.693,     0.690,    [     0.000],    20.086
 0.702,     0.692,    [     0.000],    20.086
 0.714,     0.710,    [     0.000],    20.086
 0.722,     0.720,    [     0.000],    20.086
 0.728,     0.723,    [     0.000],    20.086
 0.729,     0.728,    [     0.000],    20.086
 0.733,     0.730,    [     0.000],    20.086
 0.739,     0.734,    [     0.000],    20.086
 0.744,     0.737,    [     0.000],    20.086
 0.746,     0.733,    [     0.000],    20.086
 0.748,     0.734,    [     0.000],    20.086
 0.751,     0.736,    [     0.000],    20.086

 pctg,    rr,    α,    β
 0.600,     0.712,    [     0.000],    20.086


seed_val:    2
 0.515,     0.479,    [     0.000],    20.086
 0.644,     0.572,    [     0.000],    20.086
 0.679,     0.599,    [     0.000],    20.086
 0.694,     0.610,    [     0.000],    20.086
 0.705,     0.618,    [     0.000],    20.086
 0.713,     0.624,    [     0.000],    20.086
 0.721,     0.639,    [     0.000],    20.086
 0.727,     0.640,    [     0.000],    20.086
 0.732,     0.644,    [     0.000],    20.086
 0.738,     0.654,    [     0.000],    20.086
 0.741,     0.652,    [     0.000],    20.086
 0.745,     0.664,    [     0.000],    20.086
 0.749,     0.668,    [     0.000],    20.086
 0.752,     0.667,    [     0.000],    20.086
 0.755,     0.669,    [     0.000],    20.086

 pctg,    rr,    α,    β
 0.600,     0.744,    [     0.000],    20.086


seed_val:    3
 0.373,     0.325,    [     0.000],    20.086
 0.593,     0.559,    [     0.000],    20.086
 0.646,     0.617,    [     0.000],    20.086
 0.675,     0.648,    [     0.000],    20.086
 0.690,     0.667,    [     0.000],    20.086
 0.701,     0.678,    [     0.000],    20.086
 0.708,     0.686,    [     0.000],    20.086
 0.715,     0.693,    [     0.000],    20.086
 0.716,     0.692,    [     0.000],    20.086
 0.724,     0.701,    [     0.000],    20.086
 0.730,     0.707,    [     0.000],    20.086
 0.733,     0.707,    [     0.000],    20.086
 0.741,     0.714,    [     0.000],    20.086
 0.743,     0.714,    [     0.000],    20.086
 0.750,     0.720,    [     0.000],    20.086

 pctg,    rr,    α,    β
 0.600,     0.737,    [     0.000],    20.086


seed_val:    4
 0.447,     0.453,    [     0.000],    20.086
 0.649,     0.629,    [     0.000],    20.086
 0.677,     0.655,    [     0.000],    20.086
 0.698,     0.669,    [     0.000],    20.086
 0.709,     0.683,    [     0.000],    20.086
 0.717,     0.677,    [     0.000],    20.086
 0.725,     0.685,    [     0.000],    20.086
 0.729,     0.688,    [     0.000],    20.086
 0.733,     0.694,    [     0.000],    20.086
 0.737,     0.692,    [     0.000],    20.086
 0.740,     0.699,    [     0.000],    20.086
 0.744,     0.698,    [     0.000],    20.086
 0.744,     0.700,    [     0.000],    20.086
 0.750,     0.703,    [     0.000],    20.086
 0.752,     0.707,    [     0.000],    20.086

 pctg,    rr,    α,    β
 0.600,     0.719,    [     0.000],    20.086


seed_val:    5
 0.627,     0.615,    [     0.000],    20.086
 0.670,     0.648,    [     0.000],    20.086
 0.685,     0.664,    [     0.000],    20.086
 0.693,     0.669,    [     0.000],    20.086
 0.706,     0.682,    [     0.000],    20.086
 0.712,     0.682,    [     0.000],    20.086
 0.716,     0.690,    [     0.000],    20.086
 0.722,     0.692,    [     0.000],    20.086
 0.723,     0.699,    [     0.000],    20.086
 0.730,     0.699,    [     0.000],    20.086
 0.734,     0.705,    [     0.000],    20.086
 0.737,     0.708,    [     0.000],    20.086
 0.740,     0.708,    [     0.000],    20.086
 0.743,     0.717,    [     0.000],    20.086
 0.747,     0.718,    [     0.000],    20.086

 pctg,    rr,    α,    β
 0.600,     0.714,    [     0.000],    20.086


seed_val:    6
 0.501,     0.529,    [     0.000],    20.086
 0.615,     0.627,    [     0.000],    20.086
 0.661,     0.661,    [     0.000],    20.086
 0.690,     0.691,    [     0.000],    20.086
 0.697,     0.706,    [     0.000],    20.086
 0.712,     0.713,    [     0.000],    20.086
 0.718,     0.710,    [     0.000],    20.086
 0.720,     0.712,    [     0.000],    20.086
 0.724,     0.718,    [     0.000],    20.086
 0.732,     0.723,    [     0.000],    20.086
 0.733,     0.719,    [     0.000],    20.086
 0.736,     0.722,    [     0.000],    20.086
 0.740,     0.727,    [     0.000],    20.086
 0.743,     0.724,    [     0.000],    20.086
 0.746,     0.726,    [     0.000],    20.086

 pctg,    rr,    α,    β
 0.600,     0.668,    [     0.000],    20.086


seed_val:    7
 0.355,     0.420,    [     0.000],    20.086
 0.630,     0.667,    [     0.000],    20.086
 0.664,     0.700,    [     0.000],    20.086
 0.677,     0.709,    [     0.000],    20.086
 0.684,     0.713,    [     0.000],    20.086
 0.690,     0.716,    [     0.000],    20.086
 0.699,     0.725,    [     0.000],    20.086
 0.707,     0.732,    [     0.000],    20.086
 0.712,     0.730,    [     0.000],    20.086
 0.717,     0.736,    [     0.000],    20.086
 0.723,     0.740,    [     0.000],    20.086
 0.727,     0.743,    [     0.000],    20.086
 0.730,     0.744,    [     0.000],    20.086
 0.731,     0.746,    [     0.000],    20.086
 0.737,     0.751,    [     0.000],    20.086

 pctg,    rr,    α,    β
 0.600,     0.721,    [     0.000],    20.086


seed_val:    8
 0.495,     0.465,    [     0.000],    20.086
 0.649,     0.619,    [     0.000],    20.086
 0.686,     0.662,    [     0.000],    20.086
 0.701,     0.689,    [     0.000],    20.086
 0.709,     0.699,    [     0.000],    20.086
 0.719,     0.708,    [     0.000],    20.086
 0.725,     0.716,    [     0.000],    20.086
 0.730,     0.716,    [     0.000],    20.086
 0.735,     0.723,    [     0.000],    20.086
 0.740,     0.731,    [     0.000],    20.086
 0.745,     0.737,    [     0.000],    20.086
 0.748,     0.732,    [     0.000],    20.086
 0.753,     0.744,    [     0.000],    20.086
 0.756,     0.745,    [     0.000],    20.086
 0.760,     0.750,    [     0.000],    20.086

 pctg,    rr,    α,    β
 0.600,     0.737,    [     0.000],    20.086


seed_val:    9
 0.081,     0.110,    [     0.000],    20.086
 0.424,     0.447,    [     0.000],    20.086
 0.599,     0.610,    [     0.000],    20.086
 0.657,     0.666,    [     0.000],    20.086
 0.677,     0.690,    [     0.000],    20.086
 0.691,     0.704,    [     0.000],    20.086
 0.699,     0.711,    [     0.000],    20.086
 0.706,     0.719,    [     0.000],    20.086
 0.710,     0.720,    [     0.000],    20.086
 0.715,     0.723,    [     0.000],    20.086
 0.720,     0.728,    [     0.000],    20.086
 0.723,     0.729,    [     0.000],    20.086
 0.727,     0.729,    [     0.000],    20.086
 0.730,     0.735,    [     0.000],    20.086
 0.733,     0.737,    [     0.000],    20.086

 pctg,    rr,    α,    β
 0.600,     0.713,    [     0.000],    20.086


seed_val:    10
 0.488,     0.544,    [     0.000],    20.086
 0.611,     0.627,    [     0.000],    20.086
 0.654,     0.658,    [     0.000],    20.086
 0.688,     0.687,    [     0.000],    20.086
 0.712,     0.717,    [     0.000],    20.086
 0.724,     0.724,    [     0.000],    20.086
 0.730,     0.731,    [     0.000],    20.086
 0.734,     0.733,    [     0.000],    20.086
 0.740,     0.741,    [     0.000],    20.086
 0.742,     0.739,    [     0.000],    20.086
 0.748,     0.749,    [     0.000],    20.086
 0.756,     0.747,    [     0.000],    20.086
 0.757,     0.751,    [     0.000],    20.086
 0.763,     0.749,    [     0.000],    20.086
 0.764,     0.758,    [     0.000],    20.086

 pctg,    rr,    α,    β
 0.600,     0.706,    [     0.000],    20.086

 trans: climate_2007_precipitation,     0.717 ±  0.021
 α, β: [     0.000] ± [     0.000], 20.086 ±  0.000


seed_val:    1
 0.796,     0.783,    [     0.000],    20.086
 0.811,     0.791,    [     0.000],    20.086
 0.819,     0.805,    [     0.000],    20.086
 0.825,     0.799,    [     0.000],    20.086
 0.832,     0.811,    [     0.000],    20.086
 0.837,     0.817,    [     0.000],    20.086
 0.840,     0.826,    [     0.000],    20.086
 0.845,     0.826,    [     0.000],    20.086
 0.851,     0.829,    [     0.000],    20.086
 0.855,     0.835,    [     0.000],    20.086
 0.856,     0.838,    [     0.000],    20.086
 0.863,     0.834,    [     0.000],    20.086
 0.867,     0.843,    [     0.000],    20.086
 0.870,     0.847,    [     0.000],    20.086
 0.874,     0.847,    [     0.000],    20.086

 pctg,    rr,    α,    β
 0.600,     0.864,    [     0.000],    20.086


seed_val:    2
 0.749,     0.718,    [     0.000],    20.086
 0.777,     0.741,    [     0.000],    20.086
 0.800,     0.762,    [     0.000],    20.086
 0.816,     0.782,    [     0.000],    20.086
 0.829,     0.795,    [     0.000],    20.086
 0.839,     0.806,    [     0.000],    20.086
 0.849,     0.816,    [     0.000],    20.086
 0.858,     0.829,    [     0.000],    20.086
 0.866,     0.837,    [     0.000],    20.086
 0.871,     0.842,    [     0.000],    20.086
 0.874,     0.845,    [     0.000],    20.086
 0.878,     0.849,    [     0.000],    20.086
 0.878,     0.852,    [     0.000],    20.086
 0.883,     0.855,    [     0.000],    20.086
 0.884,     0.855,    [     0.000],    20.086

 pctg,    rr,    α,    β
 0.600,     0.874,    [     0.000],    20.086


seed_val:    3
 0.725,     0.724,    [     0.000],    20.086
 0.774,     0.772,    [     0.000],    20.086
 0.790,     0.785,    [     0.000],    20.086
 0.805,     0.800,    [     0.000],    20.086
 0.817,     0.810,    [     0.000],    20.086
 0.824,     0.818,    [     0.000],    20.086
 0.832,     0.824,    [     0.000],    20.086
 0.840,     0.833,    [     0.000],    20.086
 0.844,     0.839,    [     0.000],    20.086
 0.850,     0.839,    [     0.000],    20.086
 0.854,     0.842,    [     0.000],    20.086
 0.858,     0.850,    [     0.000],    20.086
 0.862,     0.852,    [     0.000],    20.086
 0.866,     0.855,    [     0.000],    20.086
 0.869,     0.855,    [     0.000],    20.086

 pctg,    rr,    α,    β
 0.600,     0.879,    [     0.000],    20.086


seed_val:    4
 0.721,     0.723,    [     0.000],    20.086
 0.791,     0.792,    [     0.000],    20.086
 0.813,     0.810,    [     0.000],    20.086
 0.827,     0.825,    [     0.000],    20.086
 0.842,     0.837,    [     0.000],    20.086
 0.851,     0.842,    [     0.000],    20.086
 0.853,     0.843,    [     0.000],    20.086
 0.867,     0.852,    [     0.000],    20.086
 0.871,     0.855,    [     0.000],    20.086
 0.877,     0.862,    [     0.000],    20.086
 0.881,     0.865,    [     0.000],    20.086
 0.882,     0.861,    [     0.000],    20.086
 0.881,     0.862,    [     0.000],    20.086
 0.888,     0.869,    [     0.000],    20.086
 0.889,     0.865,    [     0.000],    20.086

 pctg,    rr,    α,    β
 0.600,     0.872,    [     0.000],    20.086


seed_val:    5
 0.785,     0.767,    [     0.000],    20.086
 0.806,     0.784,    [     0.000],    20.086
 0.817,     0.787,    [     0.000],    20.086
 0.830,     0.804,    [     0.000],    20.086
 0.835,     0.812,    [     0.000],    20.086
 0.843,     0.815,    [     0.000],    20.086
 0.849,     0.822,    [     0.000],    20.086
 0.853,     0.824,    [     0.000],    20.086
 0.857,     0.829,    [     0.000],    20.086
 0.862,     0.833,    [     0.000],    20.086
 0.864,     0.838,    [     0.000],    20.086
 0.868,     0.837,    [     0.000],    20.086
 0.864,     0.837,    [     0.000],    20.086
 0.874,     0.847,    [     0.000],    20.086
 0.876,     0.848,    [     0.000],    20.086

 pctg,    rr,    α,    β
 0.600,     0.860,    [     0.000],    20.086


seed_val:    6
 0.669,     0.676,    [     0.000],    20.086
 0.769,     0.784,    [     0.000],    20.086
 0.791,     0.802,    [     0.000],    20.086
 0.807,     0.817,    [     0.000],    20.086
 0.817,     0.825,    [     0.000],    20.086
 0.823,     0.832,    [     0.000],    20.086
 0.830,     0.837,    [     0.000],    20.086
 0.836,     0.842,    [     0.000],    20.086
 0.843,     0.846,    [     0.000],    20.086
 0.847,     0.850,    [     0.000],    20.086
 0.850,     0.854,    [     0.000],    20.086
 0.857,     0.854,    [     0.000],    20.086
 0.863,     0.856,    [     0.000],    20.086
 0.864,     0.858,    [     0.000],    20.086
 0.872,     0.865,    [     0.000],    20.086

 pctg,    rr,    α,    β
 0.600,     0.834,    [     0.000],    20.086


seed_val:    7
 0.736,     0.725,    [     0.000],    20.086
 0.793,     0.797,    [     0.000],    20.086
 0.813,     0.828,    [     0.000],    20.086
 0.826,     0.841,    [     0.000],    20.086
 0.834,     0.851,    [     0.000],    20.086
 0.842,     0.859,    [     0.000],    20.086
 0.846,     0.865,    [     0.000],    20.086
 0.851,     0.869,    [     0.000],    20.086
 0.855,     0.871,    [     0.000],    20.086
 0.859,     0.877,    [     0.000],    20.086
 0.860,     0.878,    [     0.000],    20.086
 0.865,     0.883,    [     0.000],    20.086
 0.866,     0.887,    [     0.000],    20.086
 0.869,     0.888,    [     0.000],    20.086
 0.872,     0.889,    [     0.000],    20.086

 pctg,    rr,    α,    β
 0.600,     0.844,    [     0.000],    20.086


seed_val:    8
 0.772,     0.773,    [     0.000],    20.086
 0.800,     0.803,    [     0.000],    20.086
 0.815,     0.817,    [     0.000],    20.086
 0.825,     0.828,    [     0.000],    20.086
 0.833,     0.834,    [     0.000],    20.086
 0.839,     0.840,    [     0.000],    20.086
 0.843,     0.842,    [     0.000],    20.086
 0.849,     0.848,    [     0.000],    20.086
 0.852,     0.852,    [     0.000],    20.086
 0.856,     0.853,    [     0.000],    20.086
 0.861,     0.859,    [     0.000],    20.086
 0.864,     0.860,    [     0.000],    20.086
 0.868,     0.862,    [     0.000],    20.086
 0.869,     0.864,    [     0.000],    20.086
 0.870,     0.863,    [     0.000],    20.086

 pctg,    rr,    α,    β
 0.600,     0.867,    [     0.000],    20.086


seed_val:    9
 0.673,     0.707,    [     0.000],    20.086
 0.744,     0.785,    [     0.000],    20.086
 0.768,     0.803,    [     0.000],    20.086
 0.783,     0.818,    [     0.000],    20.086
 0.797,     0.827,    [     0.000],    20.086
 0.809,     0.834,    [     0.000],    20.086
 0.816,     0.838,    [     0.000],    20.086
 0.821,     0.838,    [     0.000],    20.086
 0.825,     0.840,    [     0.000],    20.086
 0.828,     0.848,    [     0.000],    20.086
 0.830,     0.846,    [     0.000],    20.086
 0.834,     0.850,    [     0.000],    20.086
 0.837,     0.853,    [     0.000],    20.086
 0.839,     0.855,    [     0.000],    20.086
 0.841,     0.857,    [     0.000],    20.086

 pctg,    rr,    α,    β
 0.600,     0.843,    [     0.000],    20.086


seed_val:    10
 0.689,     0.705,    [     0.000],    20.086
 0.779,     0.804,    [     0.000],    20.086
 0.804,     0.828,    [     0.000],    20.086
 0.817,     0.835,    [     0.000],    20.086
 0.827,     0.842,    [     0.000],    20.086
 0.835,     0.850,    [     0.000],    20.086
 0.842,     0.854,    [     0.000],    20.086
 0.850,     0.859,    [     0.000],    20.086
 0.856,     0.867,    [     0.000],    20.086
 0.860,     0.868,    [     0.000],    20.086
 0.865,     0.874,    [     0.000],    20.086
 0.869,     0.879,    [     0.000],    20.086
 0.872,     0.882,    [     0.000],    20.086
 0.877,     0.886,    [     0.000],    20.086
 0.880,     0.885,    [     0.000],    20.086

 pctg,    rr,    α,    β
 0.600,     0.866,    [     0.000],    20.086

 trans: climate_2007_sunlight,     0.860 ±  0.015
 α, β: [     0.000] ± [     0.000], 20.086 ±  0.000


seed_val:    1
 0.467,     0.424,    [     0.000],    20.086
 0.567,     0.504,    [     0.000],    20.086
 0.607,     0.545,    [     0.000],    20.086
 0.631,     0.570,    [     0.000],    20.086
 0.645,     0.586,    [     0.000],    20.086
 0.659,     0.595,    [     0.000],    20.086
 0.670,     0.609,    [     0.000],    20.086
 0.677,     0.616,    [     0.000],    20.086
 0.684,     0.620,    [     0.000],    20.086
 0.690,     0.620,    [     0.000],    20.086
 0.697,     0.634,    [     0.000],    20.086
 0.704,     0.640,    [     0.000],    20.086
 0.705,     0.640,    [     0.000],    20.086
 0.712,     0.650,    [     0.000],    20.086
 0.718,     0.654,    [     0.000],    20.086

 pctg,    rr,    α,    β
 0.600,     0.678,    [     0.000],    20.086


seed_val:    2
 0.428,     0.371,    [     0.000],    20.086
 0.553,     0.489,    [     0.000],    20.086
 0.588,     0.522,    [     0.000],    20.086
 0.608,     0.538,    [     0.000],    20.086
 0.623,     0.557,    [     0.000],    20.086
 0.640,     0.573,    [     0.000],    20.086
 0.656,     0.593,    [     0.000],    20.086
 0.674,     0.610,    [     0.000],    20.086
 0.686,     0.619,    [     0.000],    20.086
 0.696,     0.629,    [     0.000],    20.086
 0.704,     0.636,    [     0.000],    20.086
 0.714,     0.649,    [     0.000],    20.086
 0.723,     0.650,    [     0.000],    20.086
 0.733,     0.661,    [     0.000],    20.086
 0.736,     0.671,    [     0.000],    20.086

 pctg,    rr,    α,    β
 0.600,     0.688,    [     0.000],    20.086


seed_val:    3
 0.250,     0.168,    [     0.000],    20.086
 0.433,     0.359,    [     0.000],    20.086
 0.525,     0.449,    [     0.000],    20.086
 0.555,     0.482,    [     0.000],    20.086
 0.572,     0.500,    [     0.000],    20.086
 0.586,     0.522,    [     0.000],    20.086
 0.598,     0.536,    [     0.000],    20.086
 0.610,     0.550,    [     0.000],    20.086
 0.619,     0.558,    [     0.000],    20.086
 0.629,     0.562,    [     0.000],    20.086
 0.636,     0.575,    [     0.000],    20.086
 0.645,     0.583,    [     0.000],    20.086
 0.651,     0.584,    [     0.000],    20.086
 0.658,     0.597,    [     0.000],    20.086
 0.666,     0.601,    [     0.000],    20.086

 pctg,    rr,    α,    β
 0.600,     0.662,    [     0.000],    20.086


seed_val:    4
 0.347,     0.324,    [     0.000],    20.086
 0.555,     0.538,    [     0.000],    20.086
 0.594,     0.580,    [     0.000],    20.086
 0.614,     0.603,    [     0.000],    20.086
 0.629,     0.611,    [     0.000],    20.086
 0.643,     0.623,    [     0.000],    20.086
 0.655,     0.636,    [     0.000],    20.086
 0.667,     0.646,    [     0.000],    20.086
 0.679,     0.656,    [     0.000],    20.086
 0.688,     0.665,    [     0.000],    20.086
 0.697,     0.671,    [     0.000],    20.086
 0.703,     0.680,    [     0.000],    20.086
 0.706,     0.678,    [     0.000],    20.086
 0.713,     0.686,    [     0.000],    20.086
 0.718,     0.687,    [     0.000],    20.086

 pctg,    rr,    α,    β
 0.600,     0.720,    [     0.000],    20.086


seed_val:    5
 0.359,     0.390,    [     0.000],    20.086
 0.479,     0.500,    [     0.000],    20.086
 0.528,     0.537,    [     0.000],    20.086
 0.553,     0.559,    [     0.000],    20.086
 0.577,     0.577,    [     0.000],    20.086
 0.595,     0.585,    [     0.000],    20.086
 0.608,     0.600,    [     0.000],    20.086
 0.622,     0.611,    [     0.000],    20.086
 0.632,     0.615,    [     0.000],    20.086
 0.642,     0.627,    [     0.000],    20.086
 0.649,     0.636,    [     0.000],    20.086
 0.655,     0.644,    [     0.000],    20.086
 0.662,     0.641,    [     0.000],    20.086
 0.673,     0.658,    [     0.000],    20.086
 0.680,     0.662,    [     0.000],    20.086

 pctg,    rr,    α,    β
 0.600,     0.685,    [     0.000],    20.086


seed_val:    6
 0.316,     0.297,    [     0.000],    20.086
 0.485,     0.463,    [     0.000],    20.086
 0.557,     0.552,    [     0.000],    20.086
 0.588,     0.589,    [     0.000],    20.086
 0.599,     0.601,    [     0.000],    20.086
 0.610,     0.618,    [     0.000],    20.086
 0.617,     0.624,    [     0.000],    20.086
 0.626,     0.632,    [     0.000],    20.086
 0.633,     0.639,    [     0.000],    20.086
 0.647,     0.649,    [     0.000],    20.086
 0.655,     0.658,    [     0.000],    20.086
 0.659,     0.658,    [     0.000],    20.086
 0.668,     0.670,    [     0.000],    20.086
 0.674,     0.677,    [     0.000],    20.086
 0.681,     0.681,    [     0.000],    20.086

 pctg,    rr,    α,    β
 0.600,     0.620,    [     0.000],    20.086


seed_val:    7
 0.342,     0.382,    [     0.000],    20.086
 0.542,     0.581,    [     0.000],    20.086
 0.583,     0.614,    [     0.000],    20.086
 0.605,     0.625,    [     0.000],    20.086
 0.625,     0.649,    [     0.000],    20.086
 0.638,     0.658,    [     0.000],    20.086
 0.652,     0.665,    [     0.000],    20.086
 0.664,     0.684,    [     0.000],    20.086
 0.673,     0.691,    [     0.000],    20.086
 0.683,     0.698,    [     0.000],    20.086
 0.691,     0.707,    [     0.000],    20.086
 0.696,     0.706,    [     0.000],    20.086
 0.703,     0.718,    [     0.000],    20.086
 0.710,     0.723,    [     0.000],    20.086
 0.715,     0.721,    [     0.000],    20.086

 pctg,    rr,    α,    β
 0.600,     0.692,    [     0.000],    20.086


seed_val:    8
 0.468,     0.504,    [     0.000],    20.086
 0.589,     0.611,    [     0.000],    20.086
 0.615,     0.633,    [     0.000],    20.086
 0.633,     0.642,    [     0.000],    20.086
 0.647,     0.663,    [     0.000],    20.086
 0.658,     0.676,    [     0.000],    20.086
 0.667,     0.684,    [     0.000],    20.086
 0.670,     0.682,    [     0.000],    20.086
 0.685,     0.696,    [     0.000],    20.086
 0.694,     0.698,    [     0.000],    20.086
 0.700,     0.707,    [     0.000],    20.086
 0.707,     0.710,    [     0.000],    20.086
 0.713,     0.721,    [     0.000],    20.086
 0.722,     0.723,    [     0.000],    20.086
 0.723,     0.723,    [     0.000],    20.086

 pctg,    rr,    α,    β
 0.600,     0.730,    [     0.000],    20.086


seed_val:    9
-0.034,    -0.053,    [     0.000],    20.086
 0.256,     0.208,    [     0.000],    20.086
 0.428,     0.363,    [     0.000],    20.086
 0.589,     0.511,    [     0.000],    20.086
 0.618,     0.544,    [     0.000],    20.086
 0.633,     0.559,    [     0.000],    20.086
 0.646,     0.574,    [     0.000],    20.086
 0.657,     0.588,    [     0.000],    20.086
 0.664,     0.595,    [     0.000],    20.086
 0.675,     0.614,    [     0.000],    20.086
 0.681,     0.619,    [     0.000],    20.086
 0.688,     0.625,    [     0.000],    20.086
 0.690,     0.622,    [     0.000],    20.086
 0.696,     0.635,    [     0.000],    20.086
 0.700,     0.638,    [     0.000],    20.086

 pctg,    rr,    α,    β
 0.600,     0.699,    [     0.000],    20.086


seed_val:    10
 0.432,     0.395,    [     0.000],    20.086
 0.570,     0.534,    [     0.000],    20.086
 0.607,     0.572,    [     0.000],    20.086
 0.624,     0.582,    [     0.000],    20.086
 0.640,     0.602,    [     0.000],    20.086
 0.654,     0.612,    [     0.000],    20.086
 0.659,     0.617,    [     0.000],    20.086
 0.676,     0.633,    [     0.000],    20.086
 0.678,     0.635,    [     0.000],    20.086
 0.689,     0.645,    [     0.000],    20.086
 0.692,     0.649,    [     0.000],    20.086
 0.704,     0.662,    [     0.000],    20.086
 0.707,     0.666,    [     0.000],    20.086
 0.712,     0.668,    [     0.000],    20.086
 0.720,     0.674,    [     0.000],    20.086

 pctg,    rr,    α,    β
 0.600,     0.678,    [     0.000],    20.086

 trans: climate_2007_pm2.5,     0.685 ±  0.030
 α, β: [     0.000] ± [     0.000], 20.086 ±  0.000