seed_val:    1
 0.159,     0.164,    [     0.000],    20.086
 0.407,     0.394,    [     0.000],    20.086
 0.446,     0.430,    [     0.000],    20.086
 0.456,     0.445,    [     0.000],    20.086
 0.466,     0.456,    [     0.000],    20.086
 0.472,     0.462,    [     0.000],    20.086
 0.477,     0.468,    [     0.000],    20.086
 0.479,     0.469,    [     0.000],    20.086
 0.483,     0.476,    [     0.000],    20.086
 0.486,     0.473,    [     0.000],    20.086
 0.486,     0.470,    [     0.000],    20.086
 0.487,     0.473,    [     0.000],    20.086
 0.489,     0.477,    [     0.000],    20.086
 0.494,     0.479,    [     0.000],    20.086
 0.489,     0.469,    [     0.000],    20.086

 pctg,    rr,    α,    β
 0.600,     0.439,    [     0.000],    20.086


seed_val:    2
 0.126,     0.133,    [     0.000],    20.086
 0.350,     0.360,    [     0.000],    20.086
 0.419,     0.433,    [     0.000],    20.086
 0.437,     0.448,    [     0.000],    20.086
 0.448,     0.457,    [     0.000],    20.086
 0.458,     0.465,    [     0.000],    20.086
 0.463,     0.468,    [     0.000],    20.086
 0.470,     0.474,    [     0.000],    20.086
 0.473,     0.477,    [     0.000],    20.086
 0.476,     0.480,    [     0.000],    20.086
 0.479,     0.481,    [     0.000],    20.086
 0.480,     0.480,    [     0.000],    20.086
 0.482,     0.482,    [     0.000],    20.086
 0.484,     0.483,    [     0.000],    20.086
 0.483,     0.478,    [     0.000],    20.086

 pctg,    rr,    α,    β
 0.600,     0.478,    [     0.000],    20.086


seed_val:    3
 0.206,     0.210,    [     0.000],    20.086
 0.415,     0.432,    [     0.000],    20.086
 0.448,     0.464,    [     0.000],    20.086
 0.461,     0.475,    [     0.000],    20.086
 0.465,     0.478,    [     0.000],    20.086
 0.470,     0.478,    [     0.000],    20.086
 0.473,     0.482,    [     0.000],    20.086
 0.476,     0.483,    [     0.000],    20.086
 0.479,     0.486,    [     0.000],    20.086
 0.483,     0.487,    [     0.000],    20.086
 0.484,     0.488,    [     0.000],    20.086
 0.485,     0.486,    [     0.000],    20.086
 0.487,     0.488,    [     0.000],    20.086
 0.488,     0.489,    [     0.000],    20.086
 0.490,     0.489,    [     0.000],    20.086

 pctg,    rr,    α,    β
 0.600,     0.459,    [     0.000],    20.086


seed_val:    4
 0.320,     0.311,    [     0.000],    20.086
 0.433,     0.417,    [     0.000],    20.086
 0.447,     0.431,    [     0.000],    20.086
 0.460,     0.446,    [     0.000],    20.086
 0.469,     0.454,    [     0.000],    20.086
 0.473,     0.458,    [     0.000],    20.086
 0.477,     0.464,    [     0.000],    20.086
 0.483,     0.466,    [     0.000],    20.086
 0.486,     0.467,    [     0.000],    20.086
 0.488,     0.472,    [     0.000],    20.086
 0.491,     0.471,    [     0.000],    20.086
 0.492,     0.470,    [     0.000],    20.086
 0.493,     0.472,    [     0.000],    20.086
 0.494,     0.475,    [     0.000],    20.086
 0.496,     0.475,    [     0.000],    20.086

 pctg,    rr,    α,    β
 0.600,     0.468,    [     0.000],    20.086


seed_val:    5
 0.355,     0.354,    [     0.000],    20.086
 0.425,     0.420,    [     0.000],    20.086
 0.440,     0.433,    [     0.000],    20.086
 0.450,     0.444,    [     0.000],    20.086
 0.456,     0.449,    [     0.000],    20.086
 0.461,     0.450,    [     0.000],    20.086
 0.465,     0.457,    [     0.000],    20.086
 0.467,     0.457,    [     0.000],    20.086
 0.469,     0.457,    [     0.000],    20.086
 0.472,     0.460,    [     0.000],    20.086
 0.473,     0.459,    [     0.000],    20.086
 0.475,     0.461,    [     0.000],    20.086
 0.476,     0.461,    [     0.000],    20.086
 0.478,     0.463,    [     0.000],    20.086
 0.477,     0.459,    [     0.000],    20.086

 pctg,    rr,    α,    β
 0.600,     0.485,    [     0.000],    20.086


seed_val:    6
 0.407,     0.389,    [     0.000],    20.086
 0.441,     0.426,    [     0.000],    20.086
 0.453,     0.436,    [     0.000],    20.086
 0.458,     0.438,    [     0.000],    20.086
 0.463,     0.442,    [     0.000],    20.086
 0.468,     0.448,    [     0.000],    20.086
 0.468,     0.448,    [     0.000],    20.086
 0.474,     0.452,    [     0.000],    20.086
 0.477,     0.453,    [     0.000],    20.086
 0.479,     0.457,    [     0.000],    20.086
 0.481,     0.457,    [     0.000],    20.086
 0.481,     0.453,    [     0.000],    20.086
 0.482,     0.453,    [     0.000],    20.086
 0.485,     0.454,    [     0.000],    20.086
 0.488,     0.460,    [     0.000],    20.086

 pctg,    rr,    α,    β
 0.600,     0.463,    [     0.000],    20.086


seed_val:    7
 0.288,     0.270,    [     0.000],    20.086
 0.460,     0.397,    [     0.000],    20.086
 0.478,     0.408,    [     0.000],    20.086
 0.486,     0.420,    [     0.000],    20.086
 0.492,     0.425,    [     0.000],    20.086
 0.496,     0.434,    [     0.000],    20.086
 0.499,     0.434,    [     0.000],    20.086
 0.501,     0.437,    [     0.000],    20.086
 0.501,     0.432,    [     0.000],    20.086
 0.506,     0.441,    [     0.000],    20.086
 0.508,     0.441,    [     0.000],    20.086
 0.509,     0.443,    [     0.000],    20.086
 0.506,     0.444,    [     0.000],    20.086
 0.513,     0.445,    [     0.000],    20.086
 0.512,     0.444,    [     0.000],    20.086

 pctg,    rr,    α,    β
 0.600,     0.416,    [     0.000],    20.086


seed_val:    8
 0.295,     0.299,    [     0.000],    20.086
 0.409,     0.406,    [     0.000],    20.086
 0.439,     0.436,    [     0.000],    20.086
 0.453,     0.444,    [     0.000],    20.086
 0.462,     0.448,    [     0.000],    20.086
 0.468,     0.452,    [     0.000],    20.086
 0.471,     0.455,    [     0.000],    20.086
 0.474,     0.453,    [     0.000],    20.086
 0.479,     0.457,    [     0.000],    20.086
 0.481,     0.459,    [     0.000],    20.086
 0.479,     0.452,    [     0.000],    20.086
 0.486,     0.458,    [     0.000],    20.086
 0.485,     0.457,    [     0.000],    20.086
 0.488,     0.460,    [     0.000],    20.086
 0.490,     0.459,    [     0.000],    20.086

 pctg,    rr,    α,    β
 0.600,     0.504,    [     0.000],    20.086


seed_val:    9
 0.366,     0.356,    [     0.000],    20.086
 0.437,     0.419,    [     0.000],    20.086
 0.453,     0.435,    [     0.000],    20.086
 0.461,     0.442,    [     0.000],    20.086
 0.467,     0.445,    [     0.000],    20.086
 0.470,     0.444,    [     0.000],    20.086
 0.473,     0.451,    [     0.000],    20.086
 0.478,     0.452,    [     0.000],    20.086
 0.478,     0.445,    [     0.000],    20.086
 0.482,     0.453,    [     0.000],    20.086
 0.483,     0.456,    [     0.000],    20.086
 0.487,     0.456,    [     0.000],    20.086
 0.488,     0.452,    [     0.000],    20.086
 0.490,     0.462,    [     0.000],    20.086
 0.492,     0.461,    [     0.000],    20.086

 pctg,    rr,    α,    β
 0.600,     0.470,    [     0.000],    20.086


seed_val:    10
 0.334,     0.373,    [     0.000],    20.086
 0.420,     0.437,    [     0.000],    20.086
 0.441,     0.453,    [     0.000],    20.086
 0.453,     0.461,    [     0.000],    20.086
 0.462,     0.466,    [     0.000],    20.086
 0.469,     0.473,    [     0.000],    20.086
 0.472,     0.471,    [     0.000],    20.086
 0.476,     0.476,    [     0.000],    20.086
 0.479,     0.477,    [     0.000],    20.086
 0.481,     0.481,    [     0.000],    20.086
 0.485,     0.482,    [     0.000],    20.086
 0.486,     0.480,    [     0.000],    20.086
 0.489,     0.484,    [     0.000],    20.086
 0.489,     0.485,    [     0.000],    20.086
 0.489,     0.482,    [     0.000],    20.086

 pctg,    rr,    α,    β
 0.600,     0.462,    [     0.000],    20.086

 trans: twitch_DE_true_8,     0.464 ±  0.024
 α, β: [     0.000] ± [     0.000], 20.086 ±  0.000


seed_val:    1
 0.204,     0.218,    [     0.000],    20.086
 0.348,     0.365,    [     0.000],    20.086
 0.407,     0.412,    [     0.000],    20.086
 0.423,     0.431,    [     0.000],    20.086
 0.429,     0.435,    [     0.000],    20.086
 0.433,     0.436,    [     0.000],    20.086
 0.435,     0.438,    [     0.000],    20.086
 0.439,     0.441,    [     0.000],    20.086
 0.437,     0.438,    [     0.000],    20.086
 0.439,     0.438,    [     0.000],    20.086
 0.441,     0.441,    [     0.000],    20.086
 0.443,     0.443,    [     0.000],    20.086
 0.448,     0.447,    [     0.000],    20.086
 0.448,     0.445,    [     0.000],    20.086
 0.450,     0.447,    [     0.000],    20.086

 pctg,    rr,    α,    β
 0.600,     0.478,    [     0.000],    20.086


seed_val:    2
 0.309,     0.308,    [     0.000],    20.086
 0.405,     0.393,    [     0.000],    20.086
 0.431,     0.414,    [     0.000],    20.086
 0.441,     0.422,    [     0.000],    20.086
 0.447,     0.430,    [     0.000],    20.086
 0.451,     0.432,    [     0.000],    20.086
 0.455,     0.435,    [     0.000],    20.086
 0.458,     0.438,    [     0.000],    20.086
 0.459,     0.439,    [     0.000],    20.086
 0.461,     0.441,    [     0.000],    20.086
 0.462,     0.438,    [     0.000],    20.086
 0.463,     0.441,    [     0.000],    20.086
 0.464,     0.439,    [     0.000],    20.086
 0.465,     0.443,    [     0.000],    20.086
 0.466,     0.443,    [     0.000],    20.086

 pctg,    rr,    α,    β
 0.600,     0.419,    [     0.000],    20.086


seed_val:    3
 0.195,     0.173,    [     0.000],    20.086
 0.392,     0.351,    [     0.000],    20.086
 0.445,     0.402,    [     0.000],    20.086
 0.457,     0.408,    [     0.000],    20.086
 0.463,     0.413,    [     0.000],    20.086
 0.463,     0.411,    [     0.000],    20.086
 0.468,     0.416,    [     0.000],    20.086
 0.471,     0.416,    [     0.000],    20.086
 0.474,     0.418,    [     0.000],    20.086
 0.475,     0.419,    [     0.000],    20.086
 0.477,     0.418,    [     0.000],    20.086
 0.478,     0.418,    [     0.000],    20.086
 0.479,     0.414,    [     0.000],    20.086
 0.480,     0.420,    [     0.000],    20.086
 0.481,     0.418,    [     0.000],    20.086

 pctg,    rr,    α,    β
 0.600,     0.422,    [     0.000],    20.086


seed_val:    4
 0.299,     0.251,    [     0.000],    20.086
 0.402,     0.356,    [     0.000],    20.086
 0.424,     0.378,    [     0.000],    20.086
 0.435,     0.386,    [     0.000],    20.086
 0.441,     0.390,    [     0.000],    20.086
 0.447,     0.397,    [     0.000],    20.086
 0.452,     0.397,    [     0.000],    20.086
 0.455,     0.395,    [     0.000],    20.086
 0.458,     0.401,    [     0.000],    20.086
 0.461,     0.403,    [     0.000],    20.086
 0.461,     0.399,    [     0.000],    20.086
 0.465,     0.408,    [     0.000],    20.086
 0.462,     0.402,    [     0.000],    20.086
 0.463,     0.399,    [     0.000],    20.086
 0.469,     0.404,    [     0.000],    20.086

 pctg,    rr,    α,    β
 0.600,     0.454,    [     0.000],    20.086


seed_val:    5
 0.338,     0.289,    [     0.000],    20.086
 0.409,     0.361,    [     0.000],    20.086
 0.433,     0.383,    [     0.000],    20.086
 0.443,     0.390,    [     0.000],    20.086
 0.451,     0.394,    [     0.000],    20.086
 0.456,     0.399,    [     0.000],    20.086
 0.457,     0.400,    [     0.000],    20.086
 0.460,     0.405,    [     0.000],    20.086
 0.462,     0.401,    [     0.000],    20.086
 0.464,     0.398,    [     0.000],    20.086
 0.463,     0.395,    [     0.000],    20.086
 0.469,     0.403,    [     0.000],    20.086
 0.468,     0.398,    [     0.000],    20.086
 0.469,     0.398,    [     0.000],    20.086
 0.471,     0.401,    [     0.000],    20.086

 pctg,    rr,    α,    β
 0.600,     0.460,    [     0.000],    20.086


seed_val:    6
 0.279,     0.253,    [     0.000],    20.086
 0.409,     0.361,    [     0.000],    20.086
 0.436,     0.378,    [     0.000],    20.086
 0.447,     0.383,    [     0.000],    20.086
 0.452,     0.382,    [     0.000],    20.086
 0.457,     0.386,    [     0.000],    20.086
 0.462,     0.385,    [     0.000],    20.086
 0.465,     0.384,    [     0.000],    20.086
 0.468,     0.385,    [     0.000],    20.086
 0.471,     0.386,    [     0.000],    20.086
 0.472,     0.385,    [     0.000],    20.086
 0.470,     0.373,    [     0.000],    20.086
 0.476,     0.383,    [     0.000],    20.086
 0.476,     0.382,    [     0.000],    20.086
 0.478,     0.386,    [     0.000],    20.086

 pctg,    rr,    α,    β
 0.600,     0.439,    [     0.000],    20.086


seed_val:    7
 0.151,     0.154,    [     0.000],    20.086
 0.313,     0.324,    [     0.000],    20.086
 0.388,     0.396,    [     0.000],    20.086
 0.418,     0.420,    [     0.000],    20.086
 0.433,     0.433,    [     0.000],    20.086
 0.442,     0.442,    [     0.000],    20.086
 0.446,     0.443,    [     0.000],    20.086
 0.450,     0.449,    [     0.000],    20.086
 0.448,     0.447,    [     0.000],    20.086
 0.455,     0.451,    [     0.000],    20.086
 0.457,     0.452,    [     0.000],    20.086
 0.459,     0.451,    [     0.000],    20.086
 0.460,     0.449,    [     0.000],    20.086
 0.463,     0.453,    [     0.000],    20.086
 0.465,     0.454,    [     0.000],    20.086

 pctg,    rr,    α,    β
 0.600,     0.421,    [     0.000],    20.086


seed_val:    8
 0.335,     0.353,    [     0.000],    20.086
 0.405,     0.421,    [     0.000],    20.086
 0.424,     0.434,    [     0.000],    20.086
 0.432,     0.444,    [     0.000],    20.086
 0.438,     0.443,    [     0.000],    20.086
 0.443,     0.444,    [     0.000],    20.086
 0.447,     0.447,    [     0.000],    20.086
 0.449,     0.446,    [     0.000],    20.086
 0.452,     0.449,    [     0.000],    20.086
 0.453,     0.450,    [     0.000],    20.086
 0.455,     0.452,    [     0.000],    20.086
 0.457,     0.450,    [     0.000],    20.086
 0.458,     0.450,    [     0.000],    20.086
 0.459,     0.447,    [     0.000],    20.086
 0.461,     0.450,    [     0.000],    20.086

 pctg,    rr,    α,    β
 0.600,     0.437,    [     0.000],    20.086


seed_val:    9
 0.254,     0.214,    [     0.000],    20.086
 0.430,     0.389,    [     0.000],    20.086
 0.445,     0.403,    [     0.000],    20.086
 0.449,     0.405,    [     0.000],    20.086
 0.454,     0.408,    [     0.000],    20.086
 0.457,     0.409,    [     0.000],    20.086
 0.459,     0.408,    [     0.000],    20.086
 0.462,     0.411,    [     0.000],    20.086
 0.462,     0.407,    [     0.000],    20.086
 0.466,     0.410,    [     0.000],    20.086
 0.466,     0.408,    [     0.000],    20.086
 0.469,     0.409,    [     0.000],    20.086
 0.471,     0.410,    [     0.000],    20.086
 0.472,     0.408,    [     0.000],    20.086
 0.474,     0.408,    [     0.000],    20.086

 pctg,    rr,    α,    β
 0.600,     0.445,    [     0.000],    20.086


seed_val:    10
 0.332,     0.367,    [     0.000],    20.086
 0.416,     0.450,    [     0.000],    20.086
 0.430,     0.461,    [     0.000],    20.086
 0.438,     0.468,    [     0.000],    20.086
 0.443,     0.468,    [     0.000],    20.086
 0.447,     0.470,    [     0.000],    20.086
 0.451,     0.472,    [     0.000],    20.086
 0.455,     0.472,    [     0.000],    20.086
 0.456,     0.472,    [     0.000],    20.086
 0.454,     0.471,    [     0.000],    20.086
 0.455,     0.470,    [     0.000],    20.086
 0.458,     0.469,    [     0.000],    20.086
 0.462,     0.472,    [     0.000],    20.086
 0.462,     0.471,    [     0.000],    20.086
 0.464,     0.472,    [     0.000],    20.086

 pctg,    rr,    α,    β
 0.600,     0.432,    [     0.000],    20.086

 trans: twitch_ENGB_true_8,     0.441 ±  0.019
 α, β: [     0.000] ± [     0.000], 20.086 ±  0.000


seed_val:    1
 0.302,     0.316,    [     0.000],    20.086
 0.467,     0.462,    [     0.000],    20.086
 0.486,     0.469,    [     0.000],    20.086
 0.492,     0.468,    [     0.000],    20.086
 0.501,     0.476,    [     0.000],    20.086
 0.504,     0.477,    [     0.000],    20.086
 0.505,     0.472,    [     0.000],    20.086
 0.511,     0.485,    [     0.000],    20.086
 0.514,     0.486,    [     0.000],    20.086
 0.513,     0.480,    [     0.000],    20.086
 0.518,     0.482,    [     0.000],    20.086
 0.519,     0.488,    [     0.000],    20.086
 0.520,     0.491,    [     0.000],    20.086
 0.522,     0.481,    [     0.000],    20.086
 0.525,     0.490,    [     0.000],    20.086

 pctg,    rr,    α,    β
 0.600,     0.471,    [     0.000],    20.086


seed_val:    2
 0.392,     0.362,    [     0.000],    20.086
 0.477,     0.433,    [     0.000],    20.086
 0.489,     0.445,    [     0.000],    20.086
 0.496,     0.456,    [     0.000],    20.086
 0.500,     0.455,    [     0.000],    20.086
 0.506,     0.457,    [     0.000],    20.086
 0.508,     0.464,    [     0.000],    20.086
 0.511,     0.462,    [     0.000],    20.086
 0.513,     0.458,    [     0.000],    20.086
 0.516,     0.455,    [     0.000],    20.086
 0.520,     0.458,    [     0.000],    20.086
 0.523,     0.464,    [     0.000],    20.086
 0.526,     0.461,    [     0.000],    20.086
 0.525,     0.466,    [     0.000],    20.086
 0.529,     0.465,    [     0.000],    20.086

 pctg,    rr,    α,    β
 0.600,     0.494,    [     0.000],    20.086


seed_val:    3
 0.200,     0.210,    [     0.000],    20.086
 0.441,     0.459,    [     0.000],    20.086
 0.481,     0.495,    [     0.000],    20.086
 0.491,     0.491,    [     0.000],    20.086
 0.497,     0.500,    [     0.000],    20.086
 0.499,     0.496,    [     0.000],    20.086
 0.505,     0.499,    [     0.000],    20.086
 0.508,     0.501,    [     0.000],    20.086
 0.509,     0.496,    [     0.000],    20.086
 0.511,     0.495,    [     0.000],    20.086
 0.514,     0.504,    [     0.000],    20.086
 0.517,     0.502,    [     0.000],    20.086
 0.519,     0.508,    [     0.000],    20.086
 0.518,     0.495,    [     0.000],    20.086
 0.523,     0.507,    [     0.000],    20.086

 pctg,    rr,    α,    β
 0.600,     0.471,    [     0.000],    20.086


seed_val:    4
 0.343,     0.355,    [     0.000],    20.086
 0.424,     0.452,    [     0.000],    20.086
 0.456,     0.490,    [     0.000],    20.086
 0.473,     0.506,    [     0.000],    20.086
 0.482,     0.515,    [     0.000],    20.086
 0.489,     0.523,    [     0.000],    20.086
 0.494,     0.525,    [     0.000],    20.086
 0.498,     0.524,    [     0.000],    20.086
 0.503,     0.526,    [     0.000],    20.086
 0.506,     0.530,    [     0.000],    20.086
 0.509,     0.529,    [     0.000],    20.086
 0.512,     0.532,    [     0.000],    20.086
 0.515,     0.536,    [     0.000],    20.086
 0.517,     0.536,    [     0.000],    20.086
 0.519,     0.536,    [     0.000],    20.086

 pctg,    rr,    α,    β
 0.600,     0.429,    [     0.000],    20.086


seed_val:    5
 0.110,     0.124,    [     0.000],    20.086
 0.435,     0.481,    [     0.000],    20.086
 0.465,     0.502,    [     0.000],    20.086
 0.478,     0.504,    [     0.000],    20.086
 0.485,     0.512,    [     0.000],    20.086
 0.491,     0.511,    [     0.000],    20.086
 0.495,     0.511,    [     0.000],    20.086
 0.496,     0.507,    [     0.000],    20.086
 0.501,     0.513,    [     0.000],    20.086
 0.502,     0.508,    [     0.000],    20.086
 0.505,     0.510,    [     0.000],    20.086
 0.506,     0.504,    [     0.000],    20.086
 0.509,     0.513,    [     0.000],    20.086
 0.511,     0.513,    [     0.000],    20.086
 0.513,     0.510,    [     0.000],    20.086

 pctg,    rr,    α,    β
 0.600,     0.507,    [     0.000],    20.086


seed_val:    6
 0.218,     0.213,    [     0.000],    20.086
 0.457,     0.402,    [     0.000],    20.086
 0.481,     0.418,    [     0.000],    20.086
 0.494,     0.424,    [     0.000],    20.086
 0.500,     0.417,    [     0.000],    20.086
 0.507,     0.425,    [     0.000],    20.086
 0.509,     0.427,    [     0.000],    20.086
 0.516,     0.428,    [     0.000],    20.086
 0.518,     0.433,    [     0.000],    20.086
 0.525,     0.435,    [     0.000],    20.086
 0.528,     0.427,    [     0.000],    20.086
 0.531,     0.434,    [     0.000],    20.086
 0.534,     0.434,    [     0.000],    20.086
 0.536,     0.432,    [     0.000],    20.086
 0.539,     0.434,    [     0.000],    20.086

 pctg,    rr,    α,    β
 0.600,     0.527,    [     0.000],    20.086


seed_val:    7
 0.320,     0.307,    [     0.000],    20.086
 0.454,     0.439,    [     0.000],    20.086
 0.482,     0.461,    [     0.000],    20.086
 0.492,     0.471,    [     0.000],    20.086
 0.495,     0.479,    [     0.000],    20.086
 0.501,     0.472,    [     0.000],    20.086
 0.504,     0.477,    [     0.000],    20.086
 0.507,     0.481,    [     0.000],    20.086
 0.509,     0.478,    [     0.000],    20.086
 0.506,     0.467,    [     0.000],    20.086
 0.513,     0.480,    [     0.000],    20.086
 0.510,     0.481,    [     0.000],    20.086
 0.514,     0.481,    [     0.000],    20.086
 0.517,     0.481,    [     0.000],    20.086
 0.519,     0.481,    [     0.000],    20.086

 pctg,    rr,    α,    β
 0.600,     0.490,    [     0.000],    20.086


seed_val:    8
 0.084,     0.069,    [     0.000],    20.086
 0.368,     0.330,    [     0.000],    20.086
 0.459,     0.422,    [     0.000],    20.086
 0.483,     0.447,    [     0.000],    20.086
 0.492,     0.452,    [     0.000],    20.086
 0.499,     0.455,    [     0.000],    20.086
 0.502,     0.456,    [     0.000],    20.086
 0.508,     0.461,    [     0.000],    20.086
 0.511,     0.464,    [     0.000],    20.086
 0.514,     0.466,    [     0.000],    20.086
 0.514,     0.465,    [     0.000],    20.086
 0.519,     0.471,    [     0.000],    20.086
 0.522,     0.468,    [     0.000],    20.086
 0.523,     0.471,    [     0.000],    20.086
 0.528,     0.471,    [     0.000],    20.086

 pctg,    rr,    α,    β
 0.600,     0.463,    [     0.000],    20.086


seed_val:    9
 0.253,     0.215,    [     0.000],    20.086
 0.472,     0.391,    [     0.000],    20.086
 0.490,     0.405,    [     0.000],    20.086
 0.498,     0.409,    [     0.000],    20.086
 0.503,     0.417,    [     0.000],    20.086
 0.507,     0.415,    [     0.000],    20.086
 0.511,     0.418,    [     0.000],    20.086
 0.510,     0.409,    [     0.000],    20.086
 0.516,     0.420,    [     0.000],    20.086
 0.518,     0.423,    [     0.000],    20.086
 0.518,     0.420,    [     0.000],    20.086
 0.521,     0.424,    [     0.000],    20.086
 0.522,     0.422,    [     0.000],    20.086
 0.524,     0.423,    [     0.000],    20.086
 0.523,     0.423,    [     0.000],    20.086

 pctg,    rr,    α,    β
 0.600,     0.508,    [     0.000],    20.086


seed_val:    10
 0.421,     0.398,    [     0.000],    20.086
 0.484,     0.481,    [     0.000],    20.086
 0.496,     0.484,    [     0.000],    20.086
 0.506,     0.493,    [     0.000],    20.086
 0.514,     0.496,    [     0.000],    20.086
 0.516,     0.497,    [     0.000],    20.086
 0.522,     0.498,    [     0.000],    20.086
 0.525,     0.501,    [     0.000],    20.086
 0.531,     0.504,    [     0.000],    20.086
 0.534,     0.503,    [     0.000],    20.086
 0.530,     0.494,    [     0.000],    20.086
 0.540,     0.501,    [     0.000],    20.086
 0.542,     0.503,    [     0.000],    20.086
 0.544,     0.504,    [     0.000],    20.086
 0.542,     0.497,    [     0.000],    20.086

 pctg,    rr,    α,    β
 0.600,     0.439,    [     0.000],    20.086

 trans: twitch_ES_true_8,     0.480 ±  0.031
 α, β: [     0.000] ± [     0.000], 20.086 ±  0.000


seed_val:    1
 0.193,     0.146,    [     0.000],    20.086
 0.213,     0.162,    [     0.000],    20.086
 0.220,     0.166,    [     0.000],    20.086
 0.222,     0.164,    [     0.000],    20.086
 0.228,     0.174,    [     0.000],    20.086
 0.232,     0.172,    [     0.000],    20.086
 0.232,     0.172,    [     0.000],    20.086
 0.234,     0.175,    [     0.000],    20.086
 0.238,     0.179,    [     0.000],    20.086
 0.238,     0.179,    [     0.000],    20.086
 0.242,     0.177,    [     0.000],    20.086
 0.244,     0.183,    [     0.000],    20.086
 0.247,     0.181,    [     0.000],    20.086
 0.248,     0.182,    [     0.000],    20.086
 0.252,     0.190,    [     0.000],    20.086

 pctg,    rr,    α,    β
 0.600,     0.215,    [     0.000],    20.086


seed_val:    2
 0.104,     0.076,    [     0.000],    20.086
 0.194,     0.125,    [     0.000],    20.086
 0.218,     0.125,    [     0.000],    20.086
 0.228,     0.124,    [     0.000],    20.086
 0.237,     0.129,    [     0.000],    20.086
 0.244,     0.132,    [     0.000],    20.086
 0.249,     0.134,    [     0.000],    20.086
 0.252,     0.133,    [     0.000],    20.086
 0.256,     0.131,    [     0.000],    20.086
 0.259,     0.131,    [     0.000],    20.086
 0.262,     0.136,    [     0.000],    20.086
 0.266,     0.140,    [     0.000],    20.086
 0.269,     0.137,    [     0.000],    20.086
 0.272,     0.140,    [     0.000],    20.086
 0.271,     0.144,    [     0.000],    20.086

 pctg,    rr,    α,    β
 0.600,     0.207,    [     0.000],    20.086


seed_val:    3
 0.173,     0.168,    [     0.000],    20.086
 0.198,     0.188,    [     0.000],    20.086
 0.206,     0.191,    [     0.000],    20.086
 0.212,     0.189,    [     0.000],    20.086
 0.216,     0.195,    [     0.000],    20.086
 0.220,     0.191,    [     0.000],    20.086
 0.223,     0.192,    [     0.000],    20.086
 0.226,     0.191,    [     0.000],    20.086
 0.229,     0.197,    [     0.000],    20.086
 0.233,     0.199,    [     0.000],    20.086
 0.235,     0.200,    [     0.000],    20.086
 0.237,     0.196,    [     0.000],    20.086
 0.240,     0.197,    [     0.000],    20.086
 0.245,     0.202,    [     0.000],    20.086
 0.246,     0.194,    [     0.000],    20.086

 pctg,    rr,    α,    β
 0.600,     0.201,    [     0.000],    20.086


seed_val:    4
 0.184,     0.183,    [     0.000],    20.086
 0.209,     0.196,    [     0.000],    20.086
 0.216,     0.190,    [     0.000],    20.086
 0.223,     0.194,    [     0.000],    20.086
 0.226,     0.198,    [     0.000],    20.086
 0.230,     0.196,    [     0.000],    20.086
 0.234,     0.201,    [     0.000],    20.086
 0.239,     0.203,    [     0.000],    20.086
 0.244,     0.203,    [     0.000],    20.086
 0.245,     0.196,    [     0.000],    20.086
 0.248,     0.202,    [     0.000],    20.086
 0.251,     0.202,    [     0.000],    20.086
 0.251,     0.194,    [     0.000],    20.086
 0.256,     0.199,    [     0.000],    20.086
 0.258,     0.201,    [     0.000],    20.086

 pctg,    rr,    α,    β
 0.600,     0.184,    [     0.000],    20.086


seed_val:    5
 0.178,     0.172,    [     0.000],    20.086
 0.194,     0.189,    [     0.000],    20.086
 0.198,     0.206,    [     0.000],    20.086
 0.206,     0.200,    [     0.000],    20.086
 0.208,     0.204,    [     0.000],    20.086
 0.212,     0.205,    [     0.000],    20.086
 0.214,     0.208,    [     0.000],    20.086
 0.217,     0.201,    [     0.000],    20.086
 0.221,     0.205,    [     0.000],    20.086
 0.222,     0.205,    [     0.000],    20.086
 0.225,     0.206,    [     0.000],    20.086
 0.228,     0.208,    [     0.000],    20.086
 0.230,     0.213,    [     0.000],    20.086
 0.231,     0.207,    [     0.000],    20.086
 0.235,     0.208,    [     0.000],    20.086

 pctg,    rr,    α,    β
 0.600,     0.213,    [     0.000],    20.086


seed_val:    6
 0.096,     0.104,    [     0.000],    20.086
 0.198,     0.183,    [     0.000],    20.086
 0.219,     0.192,    [     0.000],    20.086
 0.225,     0.186,    [     0.000],    20.086
 0.231,     0.192,    [     0.000],    20.086
 0.236,     0.195,    [     0.000],    20.086
 0.240,     0.198,    [     0.000],    20.086
 0.243,     0.196,    [     0.000],    20.086
 0.246,     0.202,    [     0.000],    20.086
 0.244,     0.205,    [     0.000],    20.086
 0.250,     0.191,    [     0.000],    20.086
 0.254,     0.204,    [     0.000],    20.086
 0.249,     0.206,    [     0.000],    20.086
 0.254,     0.206,    [     0.000],    20.086
 0.262,     0.194,    [     0.000],    20.086

 pctg,    rr,    α,    β
 0.600,     0.137,    [     0.000],    20.086


seed_val:    7
 0.181,     0.168,    [     0.000],    20.086
 0.213,     0.181,    [     0.000],    20.086
 0.220,     0.180,    [     0.000],    20.086
 0.227,     0.182,    [     0.000],    20.086
 0.233,     0.180,    [     0.000],    20.086
 0.235,     0.178,    [     0.000],    20.086
 0.240,     0.177,    [     0.000],    20.086
 0.243,     0.181,    [     0.000],    20.086
 0.241,     0.166,    [     0.000],    20.086
 0.247,     0.171,    [     0.000],    20.086
 0.252,     0.175,    [     0.000],    20.086
 0.253,     0.168,    [     0.000],    20.086
 0.254,     0.167,    [     0.000],    20.086
 0.258,     0.177,    [     0.000],    20.086
 0.261,     0.174,    [     0.000],    20.086

 pctg,    rr,    α,    β
 0.600,     0.194,    [     0.000],    20.086


seed_val:    8
 0.141,     0.126,    [     0.000],    20.086
 0.200,     0.190,    [     0.000],    20.086
 0.207,     0.193,    [     0.000],    20.086
 0.211,     0.196,    [     0.000],    20.086
 0.214,     0.199,    [     0.000],    20.086
 0.216,     0.197,    [     0.000],    20.086
 0.220,     0.203,    [     0.000],    20.086
 0.223,     0.202,    [     0.000],    20.086
 0.224,     0.203,    [     0.000],    20.086
 0.226,     0.199,    [     0.000],    20.086
 0.233,     0.203,    [     0.000],    20.086
 0.236,     0.199,    [     0.000],    20.086
 0.239,     0.204,    [     0.000],    20.086
 0.244,     0.205,    [     0.000],    20.086
 0.250,     0.209,    [     0.000],    20.086

 pctg,    rr,    α,    β
 0.600,     0.182,    [     0.000],    20.086


seed_val:    9
 0.116,     0.097,    [     0.000],    20.086
 0.183,     0.156,    [     0.000],    20.086
 0.203,     0.167,    [     0.000],    20.086
 0.216,     0.173,    [     0.000],    20.086
 0.225,     0.181,    [     0.000],    20.086
 0.230,     0.187,    [     0.000],    20.086
 0.235,     0.186,    [     0.000],    20.086
 0.237,     0.187,    [     0.000],    20.086
 0.240,     0.190,    [     0.000],    20.086
 0.244,     0.189,    [     0.000],    20.086
 0.244,     0.187,    [     0.000],    20.086
 0.247,     0.197,    [     0.000],    20.086
 0.250,     0.195,    [     0.000],    20.086
 0.251,     0.195,    [     0.000],    20.086
 0.256,     0.191,    [     0.000],    20.086

 pctg,    rr,    α,    β
 0.600,     0.180,    [     0.000],    20.086


seed_val:    10
 0.152,     0.135,    [     0.000],    20.086
 0.207,     0.185,    [     0.000],    20.086
 0.216,     0.187,    [     0.000],    20.086
 0.222,     0.183,    [     0.000],    20.086
 0.229,     0.188,    [     0.000],    20.086
 0.230,     0.192,    [     0.000],    20.086
 0.230,     0.194,    [     0.000],    20.086
 0.237,     0.186,    [     0.000],    20.086
 0.240,     0.191,    [     0.000],    20.086
 0.241,     0.191,    [     0.000],    20.086
 0.242,     0.193,    [     0.000],    20.086
 0.243,     0.193,    [     0.000],    20.086
 0.245,     0.192,    [     0.000],    20.086
 0.248,     0.184,    [     0.000],    20.086
 0.250,     0.192,    [     0.000],    20.086

 pctg,    rr,    α,    β
 0.600,     0.209,    [     0.000],    20.086

 trans: twitch_FR_true_8,     0.192 ±  0.023
 α, β: [     0.000] ± [     0.000], 20.086 ±  0.000


seed_val:    1
 0.352,     0.336,    [     0.000],    20.086
 0.481,     0.467,    [     0.000],    20.086
 0.511,     0.489,    [     0.000],    20.086
 0.515,     0.491,    [     0.000],    20.086
 0.524,     0.503,    [     0.000],    20.086
 0.529,     0.505,    [     0.000],    20.086
 0.534,     0.507,    [     0.000],    20.086
 0.539,     0.511,    [     0.000],    20.086
 0.541,     0.509,    [     0.000],    20.086
 0.544,     0.509,    [     0.000],    20.086
 0.545,     0.503,    [     0.000],    20.086
 0.548,     0.503,    [     0.000],    20.086
 0.548,     0.504,    [     0.000],    20.086
 0.553,     0.508,    [     0.000],    20.086
 0.556,     0.508,    [     0.000],    20.086

 pctg,    rr,    α,    β
 0.600,     0.443,    [     0.000],    20.086


seed_val:    2
 0.407,     0.385,    [     0.000],    20.086
 0.469,     0.437,    [     0.000],    20.086
 0.486,     0.451,    [     0.000],    20.086
 0.498,     0.460,    [     0.000],    20.086
 0.502,     0.467,    [     0.000],    20.086
 0.510,     0.463,    [     0.000],    20.086
 0.515,     0.472,    [     0.000],    20.086
 0.521,     0.473,    [     0.000],    20.086
 0.525,     0.480,    [     0.000],    20.086
 0.527,     0.481,    [     0.000],    20.086
 0.528,     0.477,    [     0.000],    20.086
 0.532,     0.484,    [     0.000],    20.086
 0.535,     0.491,    [     0.000],    20.086
 0.537,     0.495,    [     0.000],    20.086
 0.540,     0.495,    [     0.000],    20.086

 pctg,    rr,    α,    β
 0.600,     0.523,    [     0.000],    20.086


seed_val:    3
 0.435,     0.455,    [     0.000],    20.086
 0.484,     0.510,    [     0.000],    20.086
 0.496,     0.519,    [     0.000],    20.086
 0.505,     0.521,    [     0.000],    20.086
 0.511,     0.527,    [     0.000],    20.086
 0.518,     0.527,    [     0.000],    20.086
 0.521,     0.526,    [     0.000],    20.086
 0.525,     0.526,    [     0.000],    20.086
 0.529,     0.528,    [     0.000],    20.086
 0.530,     0.526,    [     0.000],    20.086
 0.535,     0.527,    [     0.000],    20.086
 0.536,     0.530,    [     0.000],    20.086
 0.540,     0.529,    [     0.000],    20.086
 0.542,     0.523,    [     0.000],    20.086
 0.544,     0.529,    [     0.000],    20.086

 pctg,    rr,    α,    β
 0.600,     0.481,    [     0.000],    20.086


seed_val:    4
 0.203,     0.184,    [     0.000],    20.086
 0.488,     0.451,    [     0.000],    20.086
 0.510,     0.469,    [     0.000],    20.086
 0.517,     0.478,    [     0.000],    20.086
 0.523,     0.475,    [     0.000],    20.086
 0.527,     0.475,    [     0.000],    20.086
 0.531,     0.481,    [     0.000],    20.086
 0.534,     0.480,    [     0.000],    20.086
 0.537,     0.481,    [     0.000],    20.086
 0.540,     0.484,    [     0.000],    20.086
 0.542,     0.489,    [     0.000],    20.086
 0.545,     0.489,    [     0.000],    20.086
 0.548,     0.487,    [     0.000],    20.086
 0.550,     0.488,    [     0.000],    20.086
 0.551,     0.491,    [     0.000],    20.086

 pctg,    rr,    α,    β
 0.600,     0.536,    [     0.000],    20.086


seed_val:    5
 0.428,     0.422,    [     0.000],    20.086
 0.476,     0.480,    [     0.000],    20.086
 0.489,     0.493,    [     0.000],    20.086
 0.502,     0.492,    [     0.000],    20.086
 0.510,     0.494,    [     0.000],    20.086
 0.515,     0.498,    [     0.000],    20.086
 0.518,     0.506,    [     0.000],    20.086
 0.520,     0.495,    [     0.000],    20.086
 0.525,     0.509,    [     0.000],    20.086
 0.525,     0.509,    [     0.000],    20.086
 0.529,     0.509,    [     0.000],    20.086
 0.529,     0.505,    [     0.000],    20.086
 0.533,     0.509,    [     0.000],    20.086
 0.533,     0.508,    [     0.000],    20.086
 0.535,     0.511,    [     0.000],    20.086

 pctg,    rr,    α,    β
 0.600,     0.546,    [     0.000],    20.086


seed_val:    6
 0.368,     0.339,    [     0.000],    20.086
 0.476,     0.427,    [     0.000],    20.086
 0.498,     0.438,    [     0.000],    20.086
 0.511,     0.446,    [     0.000],    20.086
 0.522,     0.447,    [     0.000],    20.086
 0.532,     0.460,    [     0.000],    20.086
 0.536,     0.465,    [     0.000],    20.086
 0.542,     0.463,    [     0.000],    20.086
 0.546,     0.457,    [     0.000],    20.086
 0.549,     0.463,    [     0.000],    20.086
 0.552,     0.457,    [     0.000],    20.086
 0.554,     0.457,    [     0.000],    20.086
 0.556,     0.454,    [     0.000],    20.086
 0.559,     0.462,    [     0.000],    20.086
 0.561,     0.464,    [     0.000],    20.086

 pctg,    rr,    α,    β
 0.600,     0.501,    [     0.000],    20.086


seed_val:    7
 0.314,     0.342,    [     0.000],    20.086
 0.428,     0.448,    [     0.000],    20.086
 0.480,     0.475,    [     0.000],    20.086
 0.496,     0.489,    [     0.000],    20.086
 0.505,     0.496,    [     0.000],    20.086
 0.509,     0.501,    [     0.000],    20.086
 0.514,     0.505,    [     0.000],    20.086
 0.517,     0.505,    [     0.000],    20.086
 0.520,     0.506,    [     0.000],    20.086
 0.523,     0.506,    [     0.000],    20.086
 0.530,     0.510,    [     0.000],    20.086
 0.533,     0.514,    [     0.000],    20.086
 0.535,     0.509,    [     0.000],    20.086
 0.534,     0.513,    [     0.000],    20.086
 0.537,     0.511,    [     0.000],    20.086

 pctg,    rr,    α,    β
 0.600,     0.469,    [     0.000],    20.086


seed_val:    8
 0.104,     0.071,    [     0.000],    20.086
 0.165,     0.137,    [     0.000],    20.086
 0.213,     0.191,    [     0.000],    20.086
 0.252,     0.237,    [     0.000],    20.086
 0.282,     0.271,    [     0.000],    20.086
 0.312,     0.304,    [     0.000],    20.086
 0.338,     0.329,    [     0.000],    20.086
 0.359,     0.354,    [     0.000],    20.086
 0.382,     0.373,    [     0.000],    20.086
 0.399,     0.387,    [     0.000],    20.086
 0.414,     0.408,    [     0.000],    20.086
 0.432,     0.421,    [     0.000],    20.086
 0.444,     0.433,    [     0.000],    20.086
 0.450,     0.440,    [     0.000],    20.086
 0.468,     0.459,    [     0.000],    20.086

 pctg,    rr,    α,    β
 0.600,     0.418,    [     0.000],    20.086


seed_val:    9
 0.434,     0.460,    [     0.000],    20.086
 0.490,     0.490,    [     0.000],    20.086
 0.500,     0.489,    [     0.000],    20.086
 0.511,     0.500,    [     0.000],    20.086
 0.515,     0.499,    [     0.000],    20.086
 0.517,     0.499,    [     0.000],    20.086
 0.523,     0.503,    [     0.000],    20.086
 0.526,     0.510,    [     0.000],    20.086
 0.527,     0.508,    [     0.000],    20.086
 0.531,     0.512,    [     0.000],    20.086
 0.533,     0.512,    [     0.000],    20.086
 0.535,     0.512,    [     0.000],    20.086
 0.536,     0.514,    [     0.000],    20.086
 0.538,     0.511,    [     0.000],    20.086
 0.540,     0.514,    [     0.000],    20.086

 pctg,    rr,    α,    β
 0.600,     0.518,    [     0.000],    20.086


seed_val:    10
 0.369,     0.353,    [     0.000],    20.086
 0.453,     0.445,    [     0.000],    20.086
 0.480,     0.467,    [     0.000],    20.086
 0.497,     0.476,    [     0.000],    20.086
 0.507,     0.489,    [     0.000],    20.086
 0.512,     0.499,    [     0.000],    20.086
 0.518,     0.498,    [     0.000],    20.086
 0.526,     0.497,    [     0.000],    20.086
 0.530,     0.505,    [     0.000],    20.086
 0.534,     0.504,    [     0.000],    20.086
 0.536,     0.508,    [     0.000],    20.086
 0.541,     0.507,    [     0.000],    20.086
 0.542,     0.506,    [     0.000],    20.086
 0.545,     0.507,    [     0.000],    20.086
 0.546,     0.509,    [     0.000],    20.086

 pctg,    rr,    α,    β
 0.600,     0.524,    [     0.000],    20.086

 trans: twitch_RU_true_8,     0.496 ±  0.042
 α, β: [     0.000] ± [     0.000], 20.086 ±  0.000