seed_val:    1
 0.108,    -0.038,    [     0.000],    20.086
 0.108,    -0.038,    [     0.000],    20.086
 0.108,    -0.038,    [     0.000],    20.086
 0.108,    -0.038,    [     0.000],    20.086
 0.108,    -0.038,    [     0.000],    20.086
 0.108,    -0.038,    [     0.000],    20.086
 0.108,    -0.038,    [     0.000],    20.086
 0.108,    -0.038,    [     0.000],    20.086
 0.108,    -0.038,    [     0.000],    20.086
 0.108,    -0.038,    [     0.000],    20.086
 0.108,    -0.038,    [     0.000],    20.086
 0.108,    -0.038,    [     0.000],    20.086
 0.108,    -0.038,    [     0.000],    20.086
 0.108,    -0.038,    [     0.000],    20.086
 0.108,    -0.038,    [     0.000],    20.086

 pctg,    rr,    α,    β
 0.600,    -0.069,    [     0.000],    20.086


seed_val:    2
 0.106,    -0.047,    [     0.000],    20.086
 0.106,    -0.047,    [     0.000],    20.086
 0.106,    -0.047,    [     0.000],    20.086
 0.106,    -0.047,    [     0.000],    20.086
 0.106,    -0.047,    [     0.000],    20.086
 0.106,    -0.047,    [     0.000],    20.086
 0.106,    -0.047,    [     0.000],    20.086
 0.106,    -0.047,    [     0.000],    20.086
 0.106,    -0.047,    [     0.000],    20.086
 0.106,    -0.047,    [     0.000],    20.086
 0.106,    -0.047,    [     0.000],    20.086
 0.106,    -0.047,    [     0.000],    20.086
 0.106,    -0.047,    [     0.000],    20.086
 0.106,    -0.047,    [     0.000],    20.086
 0.106,    -0.047,    [     0.000],    20.086

 pctg,    rr,    α,    β
 0.600,    -0.050,    [     0.000],    20.086


seed_val:    3
 0.097,    -0.045,    [     0.000],    20.086
 0.097,    -0.045,    [     0.000],    20.086
 0.097,    -0.045,    [     0.000],    20.086
 0.097,    -0.045,    [     0.000],    20.086
 0.097,    -0.045,    [     0.000],    20.086
 0.097,    -0.045,    [     0.000],    20.086
 0.097,    -0.045,    [     0.000],    20.086
 0.097,    -0.045,    [     0.000],    20.086
 0.097,    -0.045,    [     0.000],    20.086
 0.097,    -0.045,    [     0.000],    20.086
 0.097,    -0.045,    [     0.000],    20.086
 0.097,    -0.045,    [     0.000],    20.086
 0.097,    -0.045,    [     0.000],    20.086
 0.097,    -0.045,    [     0.000],    20.086
 0.097,    -0.045,    [     0.000],    20.086

 pctg,    rr,    α,    β
 0.600,    -0.061,    [     0.000],    20.086


seed_val:    4
 0.098,    -0.070,    [     0.000],    20.086
 0.098,    -0.070,    [     0.000],    20.086
 0.098,    -0.070,    [     0.000],    20.086
 0.098,    -0.070,    [     0.000],    20.086
 0.098,    -0.070,    [     0.000],    20.086
 0.098,    -0.070,    [     0.000],    20.086
 0.098,    -0.070,    [     0.000],    20.086
 0.098,    -0.070,    [     0.000],    20.086
 0.098,    -0.070,    [     0.000],    20.086
 0.098,    -0.070,    [     0.000],    20.086
 0.098,    -0.070,    [     0.000],    20.086
 0.098,    -0.070,    [     0.000],    20.086
 0.098,    -0.070,    [     0.000],    20.086
 0.098,    -0.070,    [     0.000],    20.086
 0.098,    -0.070,    [     0.000],    20.086

 pctg,    rr,    α,    β
 0.600,    -0.017,    [     0.000],    20.086


seed_val:    5
 0.084,    -0.083,    [     0.000],    20.086
 0.084,    -0.083,    [     0.000],    20.086
 0.084,    -0.083,    [     0.000],    20.086
 0.084,    -0.083,    [     0.000],    20.086
 0.084,    -0.083,    [     0.000],    20.086
 0.084,    -0.083,    [     0.000],    20.086
 0.084,    -0.083,    [     0.000],    20.086
 0.084,    -0.083,    [     0.000],    20.086
 0.084,    -0.083,    [     0.000],    20.086
 0.084,    -0.083,    [     0.000],    20.086
 0.084,    -0.083,    [     0.000],    20.086
 0.084,    -0.083,    [     0.000],    20.086
 0.084,    -0.083,    [     0.000],    20.086
 0.084,    -0.083,    [     0.000],    20.086
 0.084,    -0.083,    [     0.000],    20.086

 pctg,    rr,    α,    β
 0.600,     0.006,    [     0.000],    20.086


seed_val:    6
 0.088,    -0.048,    [     0.000],    20.086
 0.088,    -0.048,    [     0.000],    20.086
 0.088,    -0.048,    [     0.000],    20.086
 0.088,    -0.048,    [     0.000],    20.086
 0.088,    -0.048,    [     0.000],    20.086
 0.088,    -0.048,    [     0.000],    20.086
 0.088,    -0.048,    [     0.000],    20.086
 0.088,    -0.048,    [     0.000],    20.086
 0.088,    -0.048,    [     0.000],    20.086
 0.088,    -0.048,    [     0.000],    20.086
 0.088,    -0.048,    [     0.000],    20.086
 0.088,    -0.048,    [     0.000],    20.086
 0.088,    -0.048,    [     0.000],    20.086
 0.088,    -0.048,    [     0.000],    20.086
 0.088,    -0.048,    [     0.000],    20.086

 pctg,    rr,    α,    β
 0.600,    -0.020,    [     0.000],    20.086


seed_val:    7
 0.110,    -0.082,    [     0.000],    20.086
 0.110,    -0.082,    [     0.000],    20.086
 0.110,    -0.082,    [     0.000],    20.086
 0.110,    -0.082,    [     0.000],    20.086
 0.110,    -0.082,    [     0.000],    20.086
 0.110,    -0.082,    [     0.000],    20.086
 0.110,    -0.082,    [     0.000],    20.086
 0.110,    -0.082,    [     0.000],    20.086
 0.110,    -0.082,    [     0.000],    20.086
 0.110,    -0.082,    [     0.000],    20.086
 0.110,    -0.082,    [     0.000],    20.086
 0.110,    -0.082,    [     0.000],    20.086
 0.110,    -0.082,    [     0.000],    20.086
 0.110,    -0.082,    [     0.000],    20.086
 0.110,    -0.082,    [     0.000],    20.086

 pctg,    rr,    α,    β
 0.600,    -0.065,    [     0.000],    20.086


seed_val:    8
 0.092,    -0.051,    [     0.000],    20.086
 0.092,    -0.051,    [     0.000],    20.086
 0.092,    -0.051,    [     0.000],    20.086
 0.092,    -0.051,    [     0.000],    20.086
 0.092,    -0.051,    [     0.000],    20.086
 0.092,    -0.051,    [     0.000],    20.086
 0.092,    -0.051,    [     0.000],    20.086
 0.092,    -0.051,    [     0.000],    20.086
 0.092,    -0.051,    [     0.000],    20.086
 0.092,    -0.051,    [     0.000],    20.086
 0.092,    -0.051,    [     0.000],    20.086
 0.092,    -0.051,    [     0.000],    20.086
 0.092,    -0.051,    [     0.000],    20.086
 0.092,    -0.051,    [     0.000],    20.086
 0.092,    -0.051,    [     0.000],    20.086

 pctg,    rr,    α,    β
 0.600,    -0.004,    [     0.000],    20.086


seed_val:    9
 0.111,    -0.090,    [     0.000],    20.086
 0.111,    -0.090,    [     0.000],    20.086
 0.111,    -0.090,    [     0.000],    20.086
 0.111,    -0.090,    [     0.000],    20.086
 0.111,    -0.090,    [     0.000],    20.086
 0.111,    -0.090,    [     0.000],    20.086
 0.111,    -0.090,    [     0.000],    20.086
 0.111,    -0.090,    [     0.000],    20.086
 0.111,    -0.090,    [     0.000],    20.086
 0.111,    -0.090,    [     0.000],    20.086
 0.111,    -0.090,    [     0.000],    20.086
 0.111,    -0.090,    [     0.000],    20.086
 0.111,    -0.090,    [     0.000],    20.086
 0.111,    -0.090,    [     0.000],    20.086
 0.111,    -0.090,    [     0.000],    20.086

 pctg,    rr,    α,    β
 0.600,    -0.047,    [     0.000],    20.086


seed_val:    10
 0.092,    -0.043,    [     0.000],    20.086
 0.092,    -0.043,    [     0.000],    20.086
 0.092,    -0.043,    [     0.000],    20.086
 0.092,    -0.043,    [     0.000],    20.086
 0.092,    -0.043,    [     0.000],    20.086
 0.092,    -0.043,    [     0.000],    20.086
 0.092,    -0.043,    [     0.000],    20.086
 0.092,    -0.043,    [     0.000],    20.086
 0.092,    -0.043,    [     0.000],    20.086
 0.092,    -0.043,    [     0.000],    20.086
 0.092,    -0.043,    [     0.000],    20.086
 0.092,    -0.043,    [     0.000],    20.086
 0.092,    -0.043,    [     0.000],    20.086
 0.092,    -0.043,    [     0.000],    20.086
 0.092,    -0.043,    [     0.000],    20.086

 pctg,    rr,    α,    β
 0.600,    -0.043,    [     0.000],    20.086

 trans: twitch_DE_true_8,    -0.037 ±  0.026
 α, β: [     0.000] ± [     0.000], 20.086 ±  0.000


seed_val:    1
 0.047,    -0.158,    [     0.000],    20.086
 0.047,    -0.158,    [     0.000],    20.086
 0.047,    -0.158,    [     0.000],    20.086
 0.047,    -0.158,    [     0.000],    20.086
 0.047,    -0.158,    [     0.000],    20.086
 0.047,    -0.158,    [     0.000],    20.086
 0.047,    -0.158,    [     0.000],    20.086
 0.047,    -0.158,    [     0.000],    20.086
 0.047,    -0.158,    [     0.000],    20.086
 0.047,    -0.158,    [     0.000],    20.086
 0.047,    -0.158,    [     0.000],    20.086
 0.047,    -0.158,    [     0.000],    20.086
 0.047,    -0.158,    [     0.000],    20.086
 0.047,    -0.158,    [     0.000],    20.086
 0.047,    -0.158,    [     0.000],    20.086

 pctg,    rr,    α,    β
 0.600,    -0.052,    [     0.000],    20.086


seed_val:    2
 0.058,    -0.118,    [     0.000],    20.086
 0.058,    -0.118,    [     0.000],    20.086
 0.058,    -0.118,    [     0.000],    20.086
 0.058,    -0.118,    [     0.000],    20.086
 0.058,    -0.118,    [     0.000],    20.086
 0.058,    -0.118,    [     0.000],    20.086
 0.058,    -0.118,    [     0.000],    20.086
 0.058,    -0.118,    [     0.000],    20.086
 0.058,    -0.118,    [     0.000],    20.086
 0.058,    -0.118,    [     0.000],    20.086
 0.058,    -0.118,    [     0.000],    20.086
 0.058,    -0.118,    [     0.000],    20.086
 0.058,    -0.118,    [     0.000],    20.086
 0.058,    -0.118,    [     0.000],    20.086
 0.058,    -0.118,    [     0.000],    20.086

 pctg,    rr,    α,    β
 0.600,    -0.080,    [     0.000],    20.086


seed_val:    3
 0.063,    -0.099,    [     0.000],    20.086
 0.063,    -0.099,    [     0.000],    20.086
 0.063,    -0.099,    [     0.000],    20.086
 0.063,    -0.099,    [     0.000],    20.086
 0.063,    -0.099,    [     0.000],    20.086
 0.063,    -0.099,    [     0.000],    20.086
 0.063,    -0.099,    [     0.000],    20.086
 0.063,    -0.099,    [     0.000],    20.086
 0.063,    -0.099,    [     0.000],    20.086
 0.063,    -0.099,    [     0.000],    20.086
 0.063,    -0.099,    [     0.000],    20.086
 0.063,    -0.099,    [     0.000],    20.086
 0.063,    -0.099,    [     0.000],    20.086
 0.063,    -0.099,    [     0.000],    20.086
 0.063,    -0.099,    [     0.000],    20.086

 pctg,    rr,    α,    β
 0.600,    -0.106,    [     0.000],    20.086


seed_val:    4
 0.071,    -0.131,    [     0.000],    20.086
 0.071,    -0.131,    [     0.000],    20.086
 0.071,    -0.131,    [     0.000],    20.086
 0.071,    -0.131,    [     0.000],    20.086
 0.071,    -0.131,    [     0.000],    20.086
 0.071,    -0.131,    [     0.000],    20.086
 0.071,    -0.131,    [     0.000],    20.086
 0.071,    -0.131,    [     0.000],    20.086
 0.071,    -0.131,    [     0.000],    20.086
 0.071,    -0.131,    [     0.000],    20.086
 0.071,    -0.131,    [     0.000],    20.086
 0.071,    -0.131,    [     0.000],    20.086
 0.071,    -0.131,    [     0.000],    20.086
 0.071,    -0.131,    [     0.000],    20.086
 0.071,    -0.131,    [     0.000],    20.086

 pctg,    rr,    α,    β
 0.600,    -0.153,    [     0.000],    20.086


seed_val:    5
 0.054,    -0.112,    [     0.000],    20.086
 0.054,    -0.112,    [     0.000],    20.086
 0.054,    -0.112,    [     0.000],    20.086
 0.054,    -0.112,    [     0.000],    20.086
 0.054,    -0.112,    [     0.000],    20.086
 0.054,    -0.112,    [     0.000],    20.086
 0.054,    -0.112,    [     0.000],    20.086
 0.054,    -0.112,    [     0.000],    20.086
 0.054,    -0.112,    [     0.000],    20.086
 0.054,    -0.112,    [     0.000],    20.086
 0.054,    -0.112,    [     0.000],    20.086
 0.054,    -0.112,    [     0.000],    20.086
 0.054,    -0.112,    [     0.000],    20.086
 0.054,    -0.112,    [     0.000],    20.086
 0.054,    -0.112,    [     0.000],    20.086

 pctg,    rr,    α,    β
 0.600,    -0.099,    [     0.000],    20.086


seed_val:    6
 0.077,    -0.101,    [     0.000],    20.086
 0.077,    -0.101,    [     0.000],    20.086
 0.077,    -0.101,    [     0.000],    20.086
 0.077,    -0.101,    [     0.000],    20.086
 0.077,    -0.101,    [     0.000],    20.086
 0.077,    -0.101,    [     0.000],    20.086
 0.077,    -0.101,    [     0.000],    20.086
 0.077,    -0.101,    [     0.000],    20.086
 0.077,    -0.101,    [     0.000],    20.086
 0.077,    -0.101,    [     0.000],    20.086
 0.077,    -0.101,    [     0.000],    20.086
 0.077,    -0.101,    [     0.000],    20.086
 0.077,    -0.101,    [     0.000],    20.086
 0.077,    -0.101,    [     0.000],    20.086
 0.077,    -0.101,    [     0.000],    20.086

 pctg,    rr,    α,    β
 0.600,    -0.127,    [     0.000],    20.086


seed_val:    7
 0.074,    -0.066,    [     0.000],    20.086
 0.074,    -0.066,    [     0.000],    20.086
 0.074,    -0.066,    [     0.000],    20.086
 0.074,    -0.066,    [     0.000],    20.086
 0.074,    -0.066,    [     0.000],    20.086
 0.074,    -0.066,    [     0.000],    20.086
 0.074,    -0.066,    [     0.000],    20.086
 0.074,    -0.066,    [     0.000],    20.086
 0.074,    -0.066,    [     0.000],    20.086
 0.074,    -0.066,    [     0.000],    20.086
 0.074,    -0.066,    [     0.000],    20.086
 0.074,    -0.066,    [     0.000],    20.086
 0.074,    -0.066,    [     0.000],    20.086
 0.074,    -0.066,    [     0.000],    20.086
 0.074,    -0.066,    [     0.000],    20.086

 pctg,    rr,    α,    β
 0.600,    -0.143,    [     0.000],    20.086


seed_val:    8
 0.051,    -0.086,    [     0.000],    20.086
 0.051,    -0.086,    [     0.000],    20.086
 0.051,    -0.086,    [     0.000],    20.086
 0.051,    -0.086,    [     0.000],    20.086
 0.051,    -0.086,    [     0.000],    20.086
 0.051,    -0.086,    [     0.000],    20.086
 0.051,    -0.086,    [     0.000],    20.086
 0.051,    -0.086,    [     0.000],    20.086
 0.051,    -0.086,    [     0.000],    20.086
 0.051,    -0.086,    [     0.000],    20.086
 0.051,    -0.086,    [     0.000],    20.086
 0.051,    -0.086,    [     0.000],    20.086
 0.051,    -0.086,    [     0.000],    20.086
 0.051,    -0.086,    [     0.000],    20.086
 0.051,    -0.086,    [     0.000],    20.086

 pctg,    rr,    α,    β
 0.600,    -0.108,    [     0.000],    20.086


seed_val:    9
 0.069,    -0.093,    [     0.000],    20.086
 0.069,    -0.093,    [     0.000],    20.086
 0.069,    -0.093,    [     0.000],    20.086
 0.069,    -0.093,    [     0.000],    20.086
 0.069,    -0.093,    [     0.000],    20.086
 0.069,    -0.093,    [     0.000],    20.086
 0.069,    -0.093,    [     0.000],    20.086
 0.069,    -0.093,    [     0.000],    20.086
 0.069,    -0.093,    [     0.000],    20.086
 0.069,    -0.093,    [     0.000],    20.086
 0.069,    -0.093,    [     0.000],    20.086
 0.069,    -0.093,    [     0.000],    20.086
 0.069,    -0.093,    [     0.000],    20.086
 0.069,    -0.093,    [     0.000],    20.086
 0.069,    -0.093,    [     0.000],    20.086

 pctg,    rr,    α,    β
 0.600,    -0.149,    [     0.000],    20.086


seed_val:    10
 0.049,    -0.068,    [     0.000],    20.086
 0.049,    -0.068,    [     0.000],    20.086
 0.049,    -0.068,    [     0.000],    20.086
 0.049,    -0.068,    [     0.000],    20.086
 0.049,    -0.068,    [     0.000],    20.086
 0.049,    -0.068,    [     0.000],    20.086
 0.049,    -0.068,    [     0.000],    20.086
 0.049,    -0.068,    [     0.000],    20.086
 0.049,    -0.068,    [     0.000],    20.086
 0.049,    -0.068,    [     0.000],    20.086
 0.049,    -0.068,    [     0.000],    20.086
 0.049,    -0.068,    [     0.000],    20.086
 0.049,    -0.068,    [     0.000],    20.086
 0.049,    -0.068,    [     0.000],    20.086
 0.049,    -0.068,    [     0.000],    20.086

 pctg,    rr,    α,    β
 0.600,    -0.091,    [     0.000],    20.086

 trans: twitch_ENGB_true_8,    -0.111 ±  0.032
 α, β: [     0.000] ± [     0.000], 20.086 ±  0.000


seed_val:    1
 0.114,    -0.071,    [     0.000],    20.086
 0.114,    -0.071,    [     0.000],    20.086
 0.114,    -0.071,    [     0.000],    20.086
 0.114,    -0.071,    [     0.000],    20.086
 0.114,    -0.071,    [     0.000],    20.086
 0.114,    -0.071,    [     0.000],    20.086
 0.114,    -0.071,    [     0.000],    20.086
 0.114,    -0.071,    [     0.000],    20.086
 0.114,    -0.071,    [     0.000],    20.086
 0.114,    -0.071,    [     0.000],    20.086
 0.114,    -0.071,    [     0.000],    20.086
 0.114,    -0.071,    [     0.000],    20.086
 0.114,    -0.071,    [     0.000],    20.086
 0.114,    -0.071,    [     0.000],    20.086
 0.114,    -0.071,    [     0.000],    20.086

 pctg,    rr,    α,    β
 0.600,    -0.141,    [     0.000],    20.086


seed_val:    2
 0.083,    -0.046,    [     0.000],    20.086
 0.083,    -0.046,    [     0.000],    20.086
 0.083,    -0.046,    [     0.000],    20.086
 0.083,    -0.046,    [     0.000],    20.086
 0.083,    -0.046,    [     0.000],    20.086
 0.083,    -0.046,    [     0.000],    20.086
 0.083,    -0.046,    [     0.000],    20.086
 0.083,    -0.046,    [     0.000],    20.086
 0.083,    -0.046,    [     0.000],    20.086
 0.083,    -0.046,    [     0.000],    20.086
 0.083,    -0.046,    [     0.000],    20.086
 0.083,    -0.046,    [     0.000],    20.086
 0.083,    -0.046,    [     0.000],    20.086
 0.083,    -0.046,    [     0.000],    20.086
 0.083,    -0.046,    [     0.000],    20.086

 pctg,    rr,    α,    β
 0.600,    -0.050,    [     0.000],    20.086


seed_val:    3
 0.087,    -0.122,    [     0.000],    20.086
 0.087,    -0.122,    [     0.000],    20.086
 0.087,    -0.122,    [     0.000],    20.086
 0.087,    -0.122,    [     0.000],    20.086
 0.087,    -0.122,    [     0.000],    20.086
 0.087,    -0.122,    [     0.000],    20.086
 0.087,    -0.122,    [     0.000],    20.086
 0.087,    -0.122,    [     0.000],    20.086
 0.087,    -0.122,    [     0.000],    20.086
 0.087,    -0.122,    [     0.000],    20.086
 0.087,    -0.122,    [     0.000],    20.086
 0.087,    -0.122,    [     0.000],    20.086
 0.087,    -0.122,    [     0.000],    20.086
 0.087,    -0.122,    [     0.000],    20.086
 0.087,    -0.122,    [     0.000],    20.086

 pctg,    rr,    α,    β
 0.600,    -0.009,    [     0.000],    20.086


seed_val:    4
 0.101,    -0.034,    [     0.000],    20.086
 0.101,    -0.034,    [     0.000],    20.086
 0.101,    -0.034,    [     0.000],    20.086
 0.101,    -0.034,    [     0.000],    20.086
 0.101,    -0.034,    [     0.000],    20.086
 0.101,    -0.034,    [     0.000],    20.086
 0.101,    -0.034,    [     0.000],    20.086
 0.101,    -0.034,    [     0.000],    20.086
 0.101,    -0.034,    [     0.000],    20.086
 0.101,    -0.034,    [     0.000],    20.086
 0.101,    -0.034,    [     0.000],    20.086
 0.101,    -0.034,    [     0.000],    20.086
 0.101,    -0.034,    [     0.000],    20.086
 0.101,    -0.034,    [     0.000],    20.086
 0.101,    -0.034,    [     0.000],    20.086

 pctg,    rr,    α,    β
 0.600,    -0.131,    [     0.000],    20.086


seed_val:    5
 0.093,    -0.013,    [     0.000],    20.086
 0.093,    -0.013,    [     0.000],    20.086
 0.093,    -0.013,    [     0.000],    20.086
 0.093,    -0.013,    [     0.000],    20.086
 0.093,    -0.013,    [     0.000],    20.086
 0.093,    -0.013,    [     0.000],    20.086
 0.093,    -0.013,    [     0.000],    20.086
 0.093,    -0.013,    [     0.000],    20.086
 0.093,    -0.013,    [     0.000],    20.086
 0.093,    -0.013,    [     0.000],    20.086
 0.093,    -0.013,    [     0.000],    20.086
 0.093,    -0.013,    [     0.000],    20.086
 0.093,    -0.013,    [     0.000],    20.086
 0.093,    -0.013,    [     0.000],    20.086
 0.093,    -0.013,    [     0.000],    20.086

 pctg,    rr,    α,    β
 0.600,    -0.087,    [     0.000],    20.086


seed_val:    6
 0.111,    -0.108,    [     0.000],    20.086
 0.111,    -0.108,    [     0.000],    20.086
 0.111,    -0.108,    [     0.000],    20.086
 0.111,    -0.108,    [     0.000],    20.086
 0.111,    -0.108,    [     0.000],    20.086
 0.111,    -0.108,    [     0.000],    20.086
 0.111,    -0.108,    [     0.000],    20.086
 0.111,    -0.108,    [     0.000],    20.086
 0.111,    -0.108,    [     0.000],    20.086
 0.111,    -0.108,    [     0.000],    20.086
 0.111,    -0.108,    [     0.000],    20.086
 0.111,    -0.108,    [     0.000],    20.086
 0.111,    -0.108,    [     0.000],    20.086
 0.111,    -0.108,    [     0.000],    20.086
 0.111,    -0.108,    [     0.000],    20.086

 pctg,    rr,    α,    β
 0.600,    -0.071,    [     0.000],    20.086


seed_val:    7
 0.081,    -0.013,    [     0.000],    20.086
 0.081,    -0.013,    [     0.000],    20.086
 0.081,    -0.013,    [     0.000],    20.086
 0.081,    -0.013,    [     0.000],    20.086
 0.081,    -0.013,    [     0.000],    20.086
 0.081,    -0.013,    [     0.000],    20.086
 0.081,    -0.013,    [     0.000],    20.086
 0.081,    -0.013,    [     0.000],    20.086
 0.081,    -0.013,    [     0.000],    20.086
 0.081,    -0.013,    [     0.000],    20.086
 0.081,    -0.013,    [     0.000],    20.086
 0.081,    -0.013,    [     0.000],    20.086
 0.081,    -0.013,    [     0.000],    20.086
 0.081,    -0.013,    [     0.000],    20.086
 0.081,    -0.013,    [     0.000],    20.086

 pctg,    rr,    α,    β
 0.600,    -0.081,    [     0.000],    20.086


seed_val:    8
 0.113,    -0.068,    [     0.000],    20.086
 0.113,    -0.068,    [     0.000],    20.086
 0.113,    -0.068,    [     0.000],    20.086
 0.113,    -0.068,    [     0.000],    20.086
 0.113,    -0.068,    [     0.000],    20.086
 0.113,    -0.068,    [     0.000],    20.086
 0.113,    -0.068,    [     0.000],    20.086
 0.113,    -0.068,    [     0.000],    20.086
 0.113,    -0.068,    [     0.000],    20.086
 0.113,    -0.068,    [     0.000],    20.086
 0.113,    -0.068,    [     0.000],    20.086
 0.113,    -0.068,    [     0.000],    20.086
 0.113,    -0.068,    [     0.000],    20.086
 0.113,    -0.068,    [     0.000],    20.086
 0.113,    -0.068,    [     0.000],    20.086

 pctg,    rr,    α,    β
 0.600,    -0.089,    [     0.000],    20.086


seed_val:    9
 0.092,    -0.067,    [     0.000],    20.086
 0.092,    -0.067,    [     0.000],    20.086
 0.092,    -0.067,    [     0.000],    20.086
 0.092,    -0.067,    [     0.000],    20.086
 0.092,    -0.067,    [     0.000],    20.086
 0.092,    -0.067,    [     0.000],    20.086
 0.092,    -0.067,    [     0.000],    20.086
 0.092,    -0.067,    [     0.000],    20.086
 0.092,    -0.067,    [     0.000],    20.086
 0.092,    -0.067,    [     0.000],    20.086
 0.092,    -0.067,    [     0.000],    20.086
 0.092,    -0.067,    [     0.000],    20.086
 0.092,    -0.067,    [     0.000],    20.086
 0.092,    -0.067,    [     0.000],    20.086
 0.092,    -0.067,    [     0.000],    20.086

 pctg,    rr,    α,    β
 0.600,    -0.034,    [     0.000],    20.086


seed_val:    10
 0.095,    -0.062,    [     0.000],    20.086
 0.095,    -0.062,    [     0.000],    20.086
 0.095,    -0.062,    [     0.000],    20.086
 0.095,    -0.062,    [     0.000],    20.086
 0.095,    -0.062,    [     0.000],    20.086
 0.095,    -0.062,    [     0.000],    20.086
 0.095,    -0.062,    [     0.000],    20.086
 0.095,    -0.062,    [     0.000],    20.086
 0.095,    -0.062,    [     0.000],    20.086
 0.095,    -0.062,    [     0.000],    20.086
 0.095,    -0.062,    [     0.000],    20.086
 0.095,    -0.062,    [     0.000],    20.086
 0.095,    -0.062,    [     0.000],    20.086
 0.095,    -0.062,    [     0.000],    20.086
 0.095,    -0.062,    [     0.000],    20.086

 pctg,    rr,    α,    β
 0.600,    -0.070,    [     0.000],    20.086

 trans: twitch_ES_true_8,    -0.076 ±  0.040
 α, β: [     0.000] ± [     0.000], 20.086 ±  0.000


seed_val:    1
 0.082,    -0.107,    [     0.000],    20.086
 0.082,    -0.107,    [     0.000],    20.086
 0.082,    -0.107,    [     0.000],    20.086
 0.082,    -0.107,    [     0.000],    20.086
 0.082,    -0.107,    [     0.000],    20.086
 0.082,    -0.107,    [     0.000],    20.086
 0.082,    -0.107,    [     0.000],    20.086
 0.082,    -0.107,    [     0.000],    20.086
 0.082,    -0.107,    [     0.000],    20.086
 0.082,    -0.107,    [     0.000],    20.086
 0.082,    -0.107,    [     0.000],    20.086
 0.082,    -0.107,    [     0.000],    20.086
 0.082,    -0.107,    [     0.000],    20.086
 0.082,    -0.107,    [     0.000],    20.086
 0.082,    -0.107,    [     0.000],    20.086

 pctg,    rr,    α,    β
 0.600,    -0.061,    [     0.000],    20.086


seed_val:    2
 0.098,    -0.083,    [     0.000],    20.086
 0.098,    -0.083,    [     0.000],    20.086
 0.098,    -0.083,    [     0.000],    20.086
 0.098,    -0.083,    [     0.000],    20.086
 0.098,    -0.083,    [     0.000],    20.086
 0.098,    -0.083,    [     0.000],    20.086
 0.098,    -0.083,    [     0.000],    20.086
 0.098,    -0.083,    [     0.000],    20.086
 0.098,    -0.083,    [     0.000],    20.086
 0.098,    -0.083,    [     0.000],    20.086
 0.098,    -0.083,    [     0.000],    20.086
 0.098,    -0.083,    [     0.000],    20.086
 0.098,    -0.083,    [     0.000],    20.086
 0.098,    -0.083,    [     0.000],    20.086
 0.098,    -0.083,    [     0.000],    20.086

 pctg,    rr,    α,    β
 0.600,    -0.110,    [     0.000],    20.086


seed_val:    3
 0.089,    -0.129,    [     0.000],    20.086
 0.089,    -0.129,    [     0.000],    20.086
 0.089,    -0.129,    [     0.000],    20.086
 0.089,    -0.129,    [     0.000],    20.086
 0.089,    -0.129,    [     0.000],    20.086
 0.089,    -0.129,    [     0.000],    20.086
 0.089,    -0.129,    [     0.000],    20.086
 0.089,    -0.129,    [     0.000],    20.086
 0.089,    -0.129,    [     0.000],    20.086
 0.089,    -0.129,    [     0.000],    20.086
 0.089,    -0.129,    [     0.000],    20.086
 0.089,    -0.129,    [     0.000],    20.086
 0.089,    -0.129,    [     0.000],    20.086
 0.089,    -0.129,    [     0.000],    20.086
 0.089,    -0.129,    [     0.000],    20.086

 pctg,    rr,    α,    β
 0.600,    -0.070,    [     0.000],    20.086


seed_val:    4
 0.093,    -0.101,    [     0.000],    20.086
 0.093,    -0.101,    [     0.000],    20.086
 0.093,    -0.101,    [     0.000],    20.086
 0.093,    -0.101,    [     0.000],    20.086
 0.093,    -0.101,    [     0.000],    20.086
 0.093,    -0.101,    [     0.000],    20.086
 0.093,    -0.101,    [     0.000],    20.086
 0.093,    -0.101,    [     0.000],    20.086
 0.093,    -0.101,    [     0.000],    20.086
 0.093,    -0.101,    [     0.000],    20.086
 0.093,    -0.101,    [     0.000],    20.086
 0.093,    -0.101,    [     0.000],    20.086
 0.093,    -0.101,    [     0.000],    20.086
 0.093,    -0.101,    [     0.000],    20.086
 0.093,    -0.101,    [     0.000],    20.086

 pctg,    rr,    α,    β
 0.600,    -0.107,    [     0.000],    20.086


seed_val:    5
 0.070,    -0.061,    [     0.000],    20.086
 0.070,    -0.061,    [     0.000],    20.086
 0.070,    -0.061,    [     0.000],    20.086
 0.070,    -0.061,    [     0.000],    20.086
 0.070,    -0.061,    [     0.000],    20.086
 0.070,    -0.061,    [     0.000],    20.086
 0.070,    -0.061,    [     0.000],    20.086
 0.070,    -0.061,    [     0.000],    20.086
 0.070,    -0.061,    [     0.000],    20.086
 0.070,    -0.061,    [     0.000],    20.086
 0.070,    -0.061,    [     0.000],    20.086
 0.070,    -0.061,    [     0.000],    20.086
 0.070,    -0.061,    [     0.000],    20.086
 0.070,    -0.061,    [     0.000],    20.086
 0.070,    -0.061,    [     0.000],    20.086

 pctg,    rr,    α,    β
 0.600,    -0.050,    [     0.000],    20.086


seed_val:    6
 0.068,    -0.071,    [     0.000],    20.086
 0.068,    -0.071,    [     0.000],    20.086
 0.068,    -0.071,    [     0.000],    20.086
 0.068,    -0.071,    [     0.000],    20.086
 0.068,    -0.071,    [     0.000],    20.086
 0.068,    -0.071,    [     0.000],    20.086
 0.068,    -0.071,    [     0.000],    20.086
 0.068,    -0.071,    [     0.000],    20.086
 0.068,    -0.071,    [     0.000],    20.086
 0.068,    -0.071,    [     0.000],    20.086
 0.068,    -0.071,    [     0.000],    20.086
 0.068,    -0.071,    [     0.000],    20.086
 0.068,    -0.071,    [     0.000],    20.086
 0.068,    -0.071,    [     0.000],    20.086
 0.068,    -0.071,    [     0.000],    20.086

 pctg,    rr,    α,    β
 0.600,    -0.095,    [     0.000],    20.086


seed_val:    7
 0.102,    -0.071,    [     0.000],    20.086
 0.102,    -0.071,    [     0.000],    20.086
 0.102,    -0.071,    [     0.000],    20.086
 0.102,    -0.071,    [     0.000],    20.086
 0.102,    -0.071,    [     0.000],    20.086
 0.102,    -0.071,    [     0.000],    20.086
 0.102,    -0.071,    [     0.000],    20.086
 0.102,    -0.071,    [     0.000],    20.086
 0.102,    -0.071,    [     0.000],    20.086
 0.102,    -0.071,    [     0.000],    20.086
 0.102,    -0.071,    [     0.000],    20.086
 0.102,    -0.071,    [     0.000],    20.086
 0.102,    -0.071,    [     0.000],    20.086
 0.102,    -0.071,    [     0.000],    20.086
 0.102,    -0.071,    [     0.000],    20.086

 pctg,    rr,    α,    β
 0.600,    -0.115,    [     0.000],    20.086


seed_val:    8
 0.091,    -0.095,    [     0.000],    20.086
 0.091,    -0.095,    [     0.000],    20.086
 0.091,    -0.095,    [     0.000],    20.086
 0.091,    -0.095,    [     0.000],    20.086
 0.091,    -0.095,    [     0.000],    20.086
 0.091,    -0.095,    [     0.000],    20.086
 0.091,    -0.095,    [     0.000],    20.086
 0.091,    -0.095,    [     0.000],    20.086
 0.091,    -0.095,    [     0.000],    20.086
 0.091,    -0.095,    [     0.000],    20.086
 0.091,    -0.095,    [     0.000],    20.086
 0.091,    -0.095,    [     0.000],    20.086
 0.091,    -0.095,    [     0.000],    20.086
 0.091,    -0.095,    [     0.000],    20.086
 0.091,    -0.095,    [     0.000],    20.086

 pctg,    rr,    α,    β
 0.600,    -0.116,    [     0.000],    20.086


seed_val:    9
 0.049,    -0.057,    [     0.000],    20.086
 0.049,    -0.057,    [     0.000],    20.086
 0.049,    -0.057,    [     0.000],    20.086
 0.049,    -0.057,    [     0.000],    20.086
 0.049,    -0.057,    [     0.000],    20.086
 0.049,    -0.057,    [     0.000],    20.086
 0.049,    -0.057,    [     0.000],    20.086
 0.049,    -0.057,    [     0.000],    20.086
 0.049,    -0.057,    [     0.000],    20.086
 0.049,    -0.057,    [     0.000],    20.086
 0.049,    -0.057,    [     0.000],    20.086
 0.049,    -0.057,    [     0.000],    20.086
 0.049,    -0.057,    [     0.000],    20.086
 0.049,    -0.057,    [     0.000],    20.086
 0.049,    -0.057,    [     0.000],    20.086

 pctg,    rr,    α,    β
 0.600,    -0.021,    [     0.000],    20.086


seed_val:    10
 0.100,    -0.127,    [     0.000],    20.086
 0.100,    -0.127,    [     0.000],    20.086
 0.100,    -0.127,    [     0.000],    20.086
 0.100,    -0.127,    [     0.000],    20.086
 0.100,    -0.127,    [     0.000],    20.086
 0.100,    -0.127,    [     0.000],    20.086
 0.100,    -0.127,    [     0.000],    20.086
 0.100,    -0.127,    [     0.000],    20.086
 0.100,    -0.127,    [     0.000],    20.086
 0.100,    -0.127,    [     0.000],    20.086
 0.100,    -0.127,    [     0.000],    20.086
 0.100,    -0.127,    [     0.000],    20.086
 0.100,    -0.127,    [     0.000],    20.086
 0.100,    -0.127,    [     0.000],    20.086
 0.100,    -0.127,    [     0.000],    20.086

 pctg,    rr,    α,    β
 0.600,    -0.096,    [     0.000],    20.086

 trans: twitch_FR_true_8,    -0.084 ±  0.032
 α, β: [     0.000] ± [     0.000], 20.086 ±  0.000


seed_val:    1
 0.051,    -0.113,    [     0.000],    20.086
 0.051,    -0.113,    [     0.000],    20.086
 0.051,    -0.113,    [     0.000],    20.086
 0.051,    -0.113,    [     0.000],    20.086
 0.051,    -0.113,    [     0.000],    20.086
 0.051,    -0.113,    [     0.000],    20.086
 0.051,    -0.113,    [     0.000],    20.086
 0.051,    -0.113,    [     0.000],    20.086
 0.051,    -0.113,    [     0.000],    20.086
 0.051,    -0.113,    [     0.000],    20.086
 0.051,    -0.113,    [     0.000],    20.086
 0.051,    -0.113,    [     0.000],    20.086
 0.051,    -0.113,    [     0.000],    20.086
 0.051,    -0.113,    [     0.000],    20.086
 0.051,    -0.113,    [     0.000],    20.086

 pctg,    rr,    α,    β
 0.600,    -0.210,    [     0.000],    20.086


seed_val:    2
 0.042,    -0.202,    [     0.000],    20.086
 0.042,    -0.202,    [     0.000],    20.086
 0.042,    -0.202,    [     0.000],    20.086
 0.042,    -0.202,    [     0.000],    20.086
 0.042,    -0.202,    [     0.000],    20.086
 0.042,    -0.202,    [     0.000],    20.086
 0.042,    -0.202,    [     0.000],    20.086
 0.042,    -0.202,    [     0.000],    20.086
 0.042,    -0.202,    [     0.000],    20.086
 0.042,    -0.202,    [     0.000],    20.086
 0.042,    -0.202,    [     0.000],    20.086
 0.042,    -0.202,    [     0.000],    20.086
 0.042,    -0.202,    [     0.000],    20.086
 0.042,    -0.202,    [     0.000],    20.086
 0.042,    -0.202,    [     0.000],    20.086

 pctg,    rr,    α,    β
 0.600,    -0.178,    [     0.000],    20.086


seed_val:    3
 0.050,    -0.125,    [     0.000],    20.086
 0.050,    -0.125,    [     0.000],    20.086
 0.050,    -0.125,    [     0.000],    20.086
 0.050,    -0.125,    [     0.000],    20.086
 0.050,    -0.125,    [     0.000],    20.086
 0.050,    -0.125,    [     0.000],    20.086
 0.050,    -0.125,    [     0.000],    20.086
 0.050,    -0.125,    [     0.000],    20.086
 0.050,    -0.125,    [     0.000],    20.086
 0.050,    -0.125,    [     0.000],    20.086
 0.050,    -0.125,    [     0.000],    20.086
 0.050,    -0.125,    [     0.000],    20.086
 0.050,    -0.125,    [     0.000],    20.086
 0.050,    -0.125,    [     0.000],    20.086
 0.050,    -0.125,    [     0.000],    20.086

 pctg,    rr,    α,    β
 0.600,    -0.192,    [     0.000],    20.086


seed_val:    4
 0.041,    -0.150,    [     0.000],    20.086
 0.041,    -0.150,    [     0.000],    20.086
 0.041,    -0.150,    [     0.000],    20.086
 0.041,    -0.150,    [     0.000],    20.086
 0.041,    -0.150,    [     0.000],    20.086
 0.041,    -0.150,    [     0.000],    20.086
 0.041,    -0.150,    [     0.000],    20.086
 0.041,    -0.150,    [     0.000],    20.086
 0.041,    -0.150,    [     0.000],    20.086
 0.041,    -0.150,    [     0.000],    20.086
 0.041,    -0.150,    [     0.000],    20.086
 0.041,    -0.150,    [     0.000],    20.086
 0.041,    -0.150,    [     0.000],    20.086
 0.041,    -0.150,    [     0.000],    20.086
 0.041,    -0.150,    [     0.000],    20.086

 pctg,    rr,    α,    β
 0.600,    -0.167,    [     0.000],    20.086


seed_val:    5
 0.049,    -0.182,    [     0.000],    20.086
 0.049,    -0.182,    [     0.000],    20.086
 0.049,    -0.182,    [     0.000],    20.086
 0.049,    -0.182,    [     0.000],    20.086
 0.049,    -0.182,    [     0.000],    20.086
 0.049,    -0.182,    [     0.000],    20.086
 0.049,    -0.182,    [     0.000],    20.086
 0.049,    -0.182,    [     0.000],    20.086
 0.049,    -0.182,    [     0.000],    20.086
 0.049,    -0.182,    [     0.000],    20.086
 0.049,    -0.182,    [     0.000],    20.086
 0.049,    -0.182,    [     0.000],    20.086
 0.049,    -0.182,    [     0.000],    20.086
 0.049,    -0.182,    [     0.000],    20.086
 0.049,    -0.182,    [     0.000],    20.086

 pctg,    rr,    α,    β
 0.600,    -0.203,    [     0.000],    20.086


seed_val:    6
 0.062,    -0.213,    [     0.000],    20.086
 0.062,    -0.213,    [     0.000],    20.086
 0.062,    -0.213,    [     0.000],    20.086
 0.062,    -0.213,    [     0.000],    20.086
 0.062,    -0.213,    [     0.000],    20.086
 0.062,    -0.213,    [     0.000],    20.086
 0.062,    -0.213,    [     0.000],    20.086
 0.062,    -0.213,    [     0.000],    20.086
 0.062,    -0.213,    [     0.000],    20.086
 0.062,    -0.213,    [     0.000],    20.086
 0.062,    -0.213,    [     0.000],    20.086
 0.062,    -0.213,    [     0.000],    20.086
 0.062,    -0.213,    [     0.000],    20.086
 0.062,    -0.213,    [     0.000],    20.086
 0.062,    -0.213,    [     0.000],    20.086

 pctg,    rr,    α,    β
 0.600,    -0.219,    [     0.000],    20.086


seed_val:    7
 0.040,    -0.195,    [     0.000],    20.086
 0.040,    -0.195,    [     0.000],    20.086
 0.040,    -0.195,    [     0.000],    20.086
 0.040,    -0.195,    [     0.000],    20.086
 0.040,    -0.195,    [     0.000],    20.086
 0.040,    -0.195,    [     0.000],    20.086
 0.040,    -0.195,    [     0.000],    20.086
 0.040,    -0.195,    [     0.000],    20.086
 0.040,    -0.195,    [     0.000],    20.086
 0.040,    -0.195,    [     0.000],    20.086
 0.040,    -0.195,    [     0.000],    20.086
 0.040,    -0.195,    [     0.000],    20.086
 0.040,    -0.195,    [     0.000],    20.086
 0.040,    -0.195,    [     0.000],    20.086
 0.040,    -0.195,    [     0.000],    20.086

 pctg,    rr,    α,    β
 0.600,    -0.175,    [     0.000],    20.086


seed_val:    8
 0.017,    -0.129,    [     0.000],    20.086
 0.017,    -0.129,    [     0.000],    20.086
 0.017,    -0.129,    [     0.000],    20.086
 0.017,    -0.129,    [     0.000],    20.086
 0.017,    -0.129,    [     0.000],    20.086
 0.017,    -0.129,    [     0.000],    20.086
 0.017,    -0.129,    [     0.000],    20.086
 0.017,    -0.129,    [     0.000],    20.086
 0.017,    -0.129,    [     0.000],    20.086
 0.017,    -0.129,    [     0.000],    20.086
 0.017,    -0.129,    [     0.000],    20.086
 0.017,    -0.129,    [     0.000],    20.086
 0.017,    -0.129,    [     0.000],    20.086
 0.017,    -0.129,    [     0.000],    20.086
 0.017,    -0.129,    [     0.000],    20.086

 pctg,    rr,    α,    β
 0.600,    -0.130,    [     0.000],    20.086


seed_val:    9
 0.051,    -0.135,    [     0.000],    20.086
 0.051,    -0.135,    [     0.000],    20.086
 0.051,    -0.135,    [     0.000],    20.086
 0.051,    -0.135,    [     0.000],    20.086
 0.051,    -0.135,    [     0.000],    20.086
 0.051,    -0.135,    [     0.000],    20.086
 0.051,    -0.135,    [     0.000],    20.086
 0.051,    -0.135,    [     0.000],    20.086
 0.051,    -0.135,    [     0.000],    20.086
 0.051,    -0.135,    [     0.000],    20.086
 0.051,    -0.135,    [     0.000],    20.086
 0.051,    -0.135,    [     0.000],    20.086
 0.051,    -0.135,    [     0.000],    20.086
 0.051,    -0.135,    [     0.000],    20.086
 0.051,    -0.135,    [     0.000],    20.086

 pctg,    rr,    α,    β
 0.600,    -0.204,    [     0.000],    20.086


seed_val:    10
 0.044,    -0.144,    [     0.000],    20.086
 0.044,    -0.144,    [     0.000],    20.086
 0.044,    -0.144,    [     0.000],    20.086
 0.044,    -0.144,    [     0.000],    20.086
 0.044,    -0.144,    [     0.000],    20.086
 0.044,    -0.144,    [     0.000],    20.086
 0.044,    -0.144,    [     0.000],    20.086
 0.044,    -0.144,    [     0.000],    20.086
 0.044,    -0.144,    [     0.000],    20.086
 0.044,    -0.144,    [     0.000],    20.086
 0.044,    -0.144,    [     0.000],    20.086
 0.044,    -0.144,    [     0.000],    20.086
 0.044,    -0.144,    [     0.000],    20.086
 0.044,    -0.144,    [     0.000],    20.086
 0.044,    -0.144,    [     0.000],    20.086

 pctg,    rr,    α,    β
 0.600,    -0.179,    [     0.000],    20.086

 trans: twitch_RU_true_8,    -0.186 ±  0.026
 α, β: [     0.000] ± [     0.000], 20.086 ±  0.000