seed_val:    1
 0.941,     0.966,    [     0.000],    20.086
 0.935,     0.960,    [     0.000],    20.086
 0.927,     0.951,    [     0.000],    20.086
 0.923,     0.945,    [     0.000],    20.086
 0.923,     0.942,    [     0.000],    20.086
 0.923,     0.940,    [     0.000],    20.086
 0.921,     0.936,    [     0.000],    20.086
 0.921,     0.934,    [     0.000],    20.086
 0.923,     0.935,    [     0.000],    20.086
 0.924,     0.938,    [     0.000],    20.086
 0.925,     0.937,    [     0.000],    20.086
 0.922,     0.936,    [     0.000],    20.086
 0.922,     0.934,    [     0.000],    20.086
 0.921,     0.932,    [     0.000],    20.086
 0.921,     0.930,    [     0.000],    20.086

 pctg,    rr,    α,    β
 0.600,     0.930,    [     0.000],    20.086


seed_val:    2
 0.950,     0.970,    [     0.000],    20.086
 0.944,     0.967,    [     0.000],    20.086
 0.936,     0.959,    [     0.000],    20.086
 0.928,     0.952,    [     0.000],    20.086
 0.924,     0.949,    [     0.000],    20.086
 0.920,     0.946,    [     0.000],    20.086
 0.916,     0.944,    [     0.000],    20.086
 0.915,     0.941,    [     0.000],    20.086
 0.915,     0.942,    [     0.000],    20.086
 0.916,     0.941,    [     0.000],    20.086
 0.919,     0.944,    [     0.000],    20.086
 0.919,     0.943,    [     0.000],    20.086
 0.916,     0.942,    [     0.000],    20.086
 0.916,     0.944,    [     0.000],    20.086
 0.917,     0.943,    [     0.000],    20.086

 pctg,    rr,    α,    β
 0.600,     0.917,    [     0.000],    20.086


seed_val:    3
 0.955,     0.969,    [     0.000],    20.086
 0.950,     0.962,    [     0.000],    20.086
 0.939,     0.955,    [     0.000],    20.086
 0.937,     0.952,    [     0.000],    20.086
 0.935,     0.950,    [     0.000],    20.086
 0.933,     0.946,    [     0.000],    20.086
 0.932,     0.945,    [     0.000],    20.086
 0.927,     0.942,    [     0.000],    20.086
 0.931,     0.944,    [     0.000],    20.086
 0.928,     0.942,    [     0.000],    20.086
 0.932,     0.944,    [     0.000],    20.086
 0.931,     0.943,    [     0.000],    20.086
 0.927,     0.942,    [     0.000],    20.086
 0.928,     0.944,    [     0.000],    20.086
 0.925,     0.942,    [     0.000],    20.086

 pctg,    rr,    α,    β
 0.600,     0.940,    [     0.000],    20.086


seed_val:    4
 0.934,     0.978,    [     0.000],    20.086
 0.923,     0.967,    [     0.000],    20.086
 0.916,     0.960,    [     0.000],    20.086
 0.916,     0.959,    [     0.000],    20.086
 0.908,     0.954,    [     0.000],    20.086
 0.906,     0.950,    [     0.000],    20.086
 0.904,     0.949,    [     0.000],    20.086
 0.907,     0.947,    [     0.000],    20.086
 0.902,     0.946,    [     0.000],    20.086
 0.904,     0.946,    [     0.000],    20.086
 0.906,     0.944,    [     0.000],    20.086
 0.904,     0.943,    [     0.000],    20.086
 0.901,     0.943,    [     0.000],    20.086
 0.905,     0.944,    [     0.000],    20.086
 0.902,     0.942,    [     0.000],    20.086

 pctg,    rr,    α,    β
 0.600,     0.942,    [     0.000],    20.086


seed_val:    5
 0.942,     0.978,    [     0.000],    20.086
 0.939,     0.974,    [     0.000],    20.086
 0.927,     0.964,    [     0.000],    20.086
 0.921,     0.959,    [     0.000],    20.086
 0.915,     0.955,    [     0.000],    20.086
 0.910,     0.952,    [     0.000],    20.086
 0.910,     0.951,    [     0.000],    20.086
 0.910,     0.950,    [     0.000],    20.086
 0.914,     0.952,    [     0.000],    20.086
 0.911,     0.950,    [     0.000],    20.086
 0.910,     0.948,    [     0.000],    20.086
 0.911,     0.949,    [     0.000],    20.086
 0.904,     0.945,    [     0.000],    20.086
 0.908,     0.947,    [     0.000],    20.086
 0.910,     0.948,    [     0.000],    20.086

 pctg,    rr,    α,    β
 0.600,     0.933,    [     0.000],    20.086


seed_val:    6
 0.955,     0.974,    [     0.000],    20.086
 0.944,     0.969,    [     0.000],    20.086
 0.930,     0.956,    [     0.000],    20.086
 0.923,     0.949,    [     0.000],    20.086
 0.920,     0.945,    [     0.000],    20.086
 0.920,     0.945,    [     0.000],    20.086
 0.917,     0.941,    [     0.000],    20.086
 0.916,     0.939,    [     0.000],    20.086
 0.913,     0.938,    [     0.000],    20.086
 0.915,     0.940,    [     0.000],    20.086
 0.912,     0.938,    [     0.000],    20.086
 0.911,     0.935,    [     0.000],    20.086
 0.912,     0.937,    [     0.000],    20.086
 0.912,     0.936,    [     0.000],    20.086
 0.912,     0.934,    [     0.000],    20.086

 pctg,    rr,    α,    β
 0.600,     0.936,    [     0.000],    20.086


seed_val:    7
 0.948,     0.973,    [     0.000],    20.086
 0.931,     0.954,    [     0.000],    20.086
 0.921,     0.942,    [     0.000],    20.086
 0.921,     0.940,    [     0.000],    20.086
 0.920,     0.939,    [     0.000],    20.086
 0.922,     0.939,    [     0.000],    20.086
 0.921,     0.939,    [     0.000],    20.086
 0.922,     0.939,    [     0.000],    20.086
 0.922,     0.939,    [     0.000],    20.086
 0.921,     0.938,    [     0.000],    20.086
 0.925,     0.944,    [     0.000],    20.086
 0.922,     0.941,    [     0.000],    20.086
 0.922,     0.938,    [     0.000],    20.086
 0.917,     0.937,    [     0.000],    20.086
 0.920,     0.936,    [     0.000],    20.086

 pctg,    rr,    α,    β
 0.600,     0.936,    [     0.000],    20.086


seed_val:    8
 0.942,     0.972,    [     0.000],    20.086
 0.936,     0.965,    [     0.000],    20.086
 0.927,     0.954,    [     0.000],    20.086
 0.920,     0.944,    [     0.000],    20.086
 0.916,     0.938,    [     0.000],    20.086
 0.915,     0.937,    [     0.000],    20.086
 0.914,     0.938,    [     0.000],    20.086
 0.912,     0.934,    [     0.000],    20.086
 0.909,     0.934,    [     0.000],    20.086
 0.909,     0.933,    [     0.000],    20.086
 0.911,     0.936,    [     0.000],    20.086
 0.912,     0.935,    [     0.000],    20.086
 0.910,     0.934,    [     0.000],    20.086
 0.911,     0.934,    [     0.000],    20.086
 0.912,     0.935,    [     0.000],    20.086

 pctg,    rr,    α,    β
 0.600,     0.944,    [     0.000],    20.086


seed_val:    9
 0.948,     0.975,    [     0.000],    20.086
 0.940,     0.965,    [     0.000],    20.086
 0.930,     0.955,    [     0.000],    20.086
 0.927,     0.950,    [     0.000],    20.086
 0.923,     0.946,    [     0.000],    20.086
 0.926,     0.947,    [     0.000],    20.086
 0.923,     0.942,    [     0.000],    20.086
 0.926,     0.943,    [     0.000],    20.086
 0.924,     0.941,    [     0.000],    20.086
 0.919,     0.935,    [     0.000],    20.086
 0.919,     0.935,    [     0.000],    20.086
 0.920,     0.935,    [     0.000],    20.086
 0.916,     0.930,    [     0.000],    20.086
 0.913,     0.927,    [     0.000],    20.086
 0.915,     0.928,    [     0.000],    20.086

 pctg,    rr,    α,    β
 0.600,     0.950,    [     0.000],    20.086


seed_val:    10
 0.955,     0.970,    [     0.000],    20.086
 0.956,     0.976,    [     0.000],    20.086
 0.947,     0.974,    [     0.000],    20.086
 0.933,     0.964,    [     0.000],    20.086
 0.931,     0.962,    [     0.000],    20.086
 0.927,     0.958,    [     0.000],    20.086
 0.927,     0.956,    [     0.000],    20.086
 0.924,     0.952,    [     0.000],    20.086
 0.922,     0.951,    [     0.000],    20.086
 0.918,     0.947,    [     0.000],    20.086
 0.915,     0.945,    [     0.000],    20.086
 0.915,     0.943,    [     0.000],    20.086
 0.917,     0.943,    [     0.000],    20.086
 0.916,     0.942,    [     0.000],    20.086
 0.916,     0.941,    [     0.000],    20.086

 pctg,    rr,    α,    β
 0.600,     0.947,    [     0.000],    20.086

 trans: climate_2008_pm2.5,     0.937 ±  0.010
 α, β: [     0.000] ± [     0.000], 20.086 ±  0.000