seed_val:    1
 0.957,     0.974,    [     0.000],    20.086
 0.957,     0.974,    [     0.000],    20.086
 0.957,     0.974,    [     0.000],    20.086
 0.957,     0.974,    [     0.000],    20.086
 0.957,     0.974,    [     0.000],    20.086
 0.957,     0.974,    [     0.000],    20.086
 0.957,     0.974,    [     0.000],    20.086
 0.957,     0.974,    [     0.000],    20.086
 0.957,     0.974,    [     0.000],    20.086
 0.957,     0.974,    [     0.000],    20.086
 0.957,     0.974,    [     0.000],    20.086
 0.957,     0.974,    [     0.000],    20.086
 0.957,     0.974,    [     0.000],    20.086
 0.957,     0.974,    [     0.000],    20.086
 0.957,     0.974,    [     0.000],    20.086

 pctg,    rr,    α,    β
 0.600,     0.973,    [     0.000],    20.086


seed_val:    2
 0.949,     0.970,    [     0.000],    20.086
 0.949,     0.970,    [     0.000],    20.086
 0.949,     0.970,    [     0.000],    20.086
 0.949,     0.970,    [     0.000],    20.086
 0.949,     0.970,    [     0.000],    20.086
 0.949,     0.970,    [     0.000],    20.086
 0.949,     0.970,    [     0.000],    20.086
 0.949,     0.970,    [     0.000],    20.086
 0.949,     0.970,    [     0.000],    20.086
 0.949,     0.970,    [     0.000],    20.086
 0.949,     0.970,    [     0.000],    20.086
 0.949,     0.970,    [     0.000],    20.086
 0.949,     0.970,    [     0.000],    20.086
 0.949,     0.970,    [     0.000],    20.086
 0.949,     0.970,    [     0.000],    20.086

 pctg,    rr,    α,    β
 0.600,     0.971,    [     0.000],    20.086


seed_val:    3
 0.958,     0.969,    [     0.000],    20.086
 0.958,     0.969,    [     0.000],    20.086
 0.958,     0.969,    [     0.000],    20.086
 0.958,     0.969,    [     0.000],    20.086
 0.958,     0.969,    [     0.000],    20.086
 0.958,     0.969,    [     0.000],    20.086
 0.958,     0.969,    [     0.000],    20.086
 0.958,     0.969,    [     0.000],    20.086
 0.958,     0.969,    [     0.000],    20.086
 0.958,     0.969,    [     0.000],    20.086
 0.958,     0.969,    [     0.000],    20.086
 0.958,     0.969,    [     0.000],    20.086
 0.958,     0.969,    [     0.000],    20.086
 0.958,     0.969,    [     0.000],    20.086
 0.958,     0.969,    [     0.000],    20.086

 pctg,    rr,    α,    β
 0.600,     0.974,    [     0.000],    20.086


seed_val:    4
 0.954,     0.978,    [     0.000],    20.086
 0.954,     0.978,    [     0.000],    20.086
 0.954,     0.978,    [     0.000],    20.086
 0.954,     0.978,    [     0.000],    20.086
 0.954,     0.978,    [     0.000],    20.086
 0.954,     0.978,    [     0.000],    20.086
 0.954,     0.978,    [     0.000],    20.086
 0.954,     0.978,    [     0.000],    20.086
 0.954,     0.978,    [     0.000],    20.086
 0.954,     0.978,    [     0.000],    20.086
 0.954,     0.978,    [     0.000],    20.086
 0.954,     0.978,    [     0.000],    20.086
 0.954,     0.978,    [     0.000],    20.086
 0.954,     0.978,    [     0.000],    20.086
 0.954,     0.978,    [     0.000],    20.086

 pctg,    rr,    α,    β
 0.600,     0.979,    [     0.000],    20.086


seed_val:    5
 0.953,     0.977,    [     0.000],    20.086
 0.953,     0.977,    [     0.000],    20.086
 0.953,     0.977,    [     0.000],    20.086
 0.953,     0.977,    [     0.000],    20.086
 0.953,     0.977,    [     0.000],    20.086
 0.953,     0.977,    [     0.000],    20.086
 0.953,     0.977,    [     0.000],    20.086
 0.953,     0.977,    [     0.000],    20.086
 0.953,     0.977,    [     0.000],    20.086
 0.953,     0.977,    [     0.000],    20.086
 0.953,     0.977,    [     0.000],    20.086
 0.953,     0.977,    [     0.000],    20.086
 0.953,     0.977,    [     0.000],    20.086
 0.953,     0.977,    [     0.000],    20.086
 0.953,     0.977,    [     0.000],    20.086

 pctg,    rr,    α,    β
 0.600,     0.974,    [     0.000],    20.086


seed_val:    6
 0.957,     0.975,    [     0.000],    20.086
 0.957,     0.975,    [     0.000],    20.086
 0.957,     0.975,    [     0.000],    20.086
 0.957,     0.975,    [     0.000],    20.086
 0.957,     0.975,    [     0.000],    20.086
 0.957,     0.975,    [     0.000],    20.086
 0.957,     0.975,    [     0.000],    20.086
 0.957,     0.975,    [     0.000],    20.086
 0.957,     0.975,    [     0.000],    20.086
 0.957,     0.975,    [     0.000],    20.086
 0.957,     0.975,    [     0.000],    20.086
 0.957,     0.975,    [     0.000],    20.086
 0.957,     0.975,    [     0.000],    20.086
 0.957,     0.975,    [     0.000],    20.086
 0.957,     0.975,    [     0.000],    20.086

 pctg,    rr,    α,    β
 0.600,     0.971,    [     0.000],    20.086


seed_val:    7
 0.953,     0.972,    [     0.000],    20.086
 0.953,     0.972,    [     0.000],    20.086
 0.953,     0.972,    [     0.000],    20.086
 0.953,     0.972,    [     0.000],    20.086
 0.953,     0.972,    [     0.000],    20.086
 0.953,     0.972,    [     0.000],    20.086
 0.953,     0.972,    [     0.000],    20.086
 0.953,     0.972,    [     0.000],    20.086
 0.953,     0.972,    [     0.000],    20.086
 0.953,     0.972,    [     0.000],    20.086
 0.953,     0.972,    [     0.000],    20.086
 0.953,     0.972,    [     0.000],    20.086
 0.953,     0.972,    [     0.000],    20.086
 0.953,     0.972,    [     0.000],    20.086
 0.953,     0.972,    [     0.000],    20.086

 pctg,    rr,    α,    β
 0.600,     0.977,    [     0.000],    20.086


seed_val:    8
 0.946,     0.974,    [     0.000],    20.086
 0.946,     0.974,    [     0.000],    20.086
 0.946,     0.974,    [     0.000],    20.086
 0.946,     0.974,    [     0.000],    20.086
 0.946,     0.974,    [     0.000],    20.086
 0.946,     0.974,    [     0.000],    20.086
 0.946,     0.974,    [     0.000],    20.086
 0.946,     0.974,    [     0.000],    20.086
 0.946,     0.974,    [     0.000],    20.086
 0.946,     0.974,    [     0.000],    20.086
 0.946,     0.974,    [     0.000],    20.086
 0.946,     0.974,    [     0.000],    20.086
 0.946,     0.974,    [     0.000],    20.086
 0.946,     0.974,    [     0.000],    20.086
 0.946,     0.974,    [     0.000],    20.086

 pctg,    rr,    α,    β
 0.600,     0.975,    [     0.000],    20.086


seed_val:    9
 0.957,     0.972,    [     0.000],    20.086
 0.957,     0.972,    [     0.000],    20.086
 0.957,     0.972,    [     0.000],    20.086
 0.957,     0.972,    [     0.000],    20.086
 0.957,     0.972,    [     0.000],    20.086
 0.957,     0.972,    [     0.000],    20.086
 0.957,     0.972,    [     0.000],    20.086
 0.957,     0.972,    [     0.000],    20.086
 0.957,     0.972,    [     0.000],    20.086
 0.957,     0.972,    [     0.000],    20.086
 0.957,     0.972,    [     0.000],    20.086
 0.957,     0.972,    [     0.000],    20.086
 0.957,     0.972,    [     0.000],    20.086
 0.957,     0.972,    [     0.000],    20.086
 0.957,     0.972,    [     0.000],    20.086

 pctg,    rr,    α,    β
 0.600,     0.973,    [     0.000],    20.086


seed_val:    10
 0.960,     0.974,    [     0.000],    20.086
 0.960,     0.974,    [     0.000],    20.086
 0.960,     0.974,    [     0.000],    20.086
 0.960,     0.974,    [     0.000],    20.086
 0.960,     0.974,    [     0.000],    20.086
 0.960,     0.974,    [     0.000],    20.086
 0.960,     0.974,    [     0.000],    20.086
 0.960,     0.974,    [     0.000],    20.086
 0.960,     0.974,    [     0.000],    20.086
 0.960,     0.974,    [     0.000],    20.086
 0.960,     0.974,    [     0.000],    20.086
 0.960,     0.974,    [     0.000],    20.086
 0.960,     0.974,    [     0.000],    20.086
 0.960,     0.974,    [     0.000],    20.086
 0.960,     0.974,    [     0.000],    20.086

 pctg,    rr,    α,    β
 0.600,     0.971,    [     0.000],    20.086

 trans: climate_2008_pm2.5,     0.974 ±  0.003
 α, β: [     0.000] ± [     0.000], 20.086 ±  0.000