seed_val:    1
 0.471,     0.433,    [     0.000],    20.086
 0.621,     0.582,    [     0.000],    20.086
 0.672,     0.632,    [     0.000],    20.086
 0.699,     0.656,    [     0.000],    20.086
 0.716,     0.676,    [     0.000],    20.086
 0.733,     0.680,    [     0.000],    20.086
 0.742,     0.683,    [     0.000],    20.086
 0.752,     0.699,    [     0.000],    20.086
 0.757,     0.702,    [     0.000],    20.086
 0.764,     0.707,    [     0.000],    20.086
 0.768,     0.711,    [     0.000],    20.086
 0.773,     0.717,    [     0.000],    20.086
 0.774,     0.720,    [     0.000],    20.086
 0.781,     0.722,    [     0.000],    20.086
 0.783,     0.723,    [     0.000],    20.086

 pctg,    rr,    α,    β
 0.600,     0.730,    [     0.000],    20.086


seed_val:    2
 0.399,     0.369,    [     0.000],    20.086
 0.617,     0.572,    [     0.000],    20.086
 0.655,     0.608,    [     0.000],    20.086
 0.672,     0.624,    [     0.000],    20.086
 0.688,     0.639,    [     0.000],    20.086
 0.706,     0.656,    [     0.000],    20.086
 0.719,     0.672,    [     0.000],    20.086
 0.723,     0.679,    [     0.000],    20.086
 0.737,     0.692,    [     0.000],    20.086
 0.747,     0.702,    [     0.000],    20.086
 0.752,     0.707,    [     0.000],    20.086
 0.761,     0.713,    [     0.000],    20.086
 0.767,     0.721,    [     0.000],    20.086
 0.773,     0.728,    [     0.000],    20.086
 0.772,     0.729,    [     0.000],    20.086

 pctg,    rr,    α,    β
 0.600,     0.742,    [     0.000],    20.086


seed_val:    3
 0.327,     0.247,    [     0.000],    20.086
 0.445,     0.378,    [     0.000],    20.086
 0.549,     0.485,    [     0.000],    20.086
 0.612,     0.547,    [     0.000],    20.086
 0.646,     0.578,    [     0.000],    20.086
 0.672,     0.616,    [     0.000],    20.086
 0.698,     0.637,    [     0.000],    20.086
 0.717,     0.661,    [     0.000],    20.086
 0.733,     0.683,    [     0.000],    20.086
 0.748,     0.695,    [     0.000],    20.086
 0.753,     0.702,    [     0.000],    20.086
 0.768,     0.722,    [     0.000],    20.086
 0.774,     0.723,    [     0.000],    20.086
 0.782,     0.738,    [     0.000],    20.086
 0.787,     0.739,    [     0.000],    20.086

 pctg,    rr,    α,    β
 0.600,     0.779,    [     0.000],    20.086


seed_val:    4
 0.347,     0.327,    [     0.000],    20.086
 0.539,     0.527,    [     0.000],    20.086
 0.609,     0.617,    [     0.000],    20.086
 0.639,     0.655,    [     0.000],    20.086
 0.663,     0.679,    [     0.000],    20.086
 0.684,     0.700,    [     0.000],    20.086
 0.696,     0.712,    [     0.000],    20.086
 0.717,     0.731,    [     0.000],    20.086
 0.731,     0.745,    [     0.000],    20.086
 0.740,     0.756,    [     0.000],    20.086
 0.751,     0.765,    [     0.000],    20.086
 0.758,     0.768,    [     0.000],    20.086
 0.764,     0.776,    [     0.000],    20.086
 0.767,     0.783,    [     0.000],    20.086
 0.774,     0.782,    [     0.000],    20.086

 pctg,    rr,    α,    β
 0.600,     0.760,    [     0.000],    20.086


seed_val:    5
 0.373,     0.437,    [     0.000],    20.086
 0.470,     0.528,    [     0.000],    20.086
 0.540,     0.581,    [     0.000],    20.086
 0.577,     0.615,    [     0.000],    20.086
 0.604,     0.637,    [     0.000],    20.086
 0.623,     0.654,    [     0.000],    20.086
 0.645,     0.677,    [     0.000],    20.086
 0.664,     0.695,    [     0.000],    20.086
 0.678,     0.704,    [     0.000],    20.086
 0.698,     0.722,    [     0.000],    20.086
 0.710,     0.732,    [     0.000],    20.086
 0.721,     0.741,    [     0.000],    20.086
 0.722,     0.737,    [     0.000],    20.086
 0.742,     0.758,    [     0.000],    20.086
 0.750,     0.765,    [     0.000],    20.086

 pctg,    rr,    α,    β
 0.600,     0.759,    [     0.000],    20.086


seed_val:    6
 0.284,     0.237,    [     0.000],    20.086
 0.466,     0.426,    [     0.000],    20.086
 0.581,     0.541,    [     0.000],    20.086
 0.634,     0.589,    [     0.000],    20.086
 0.664,     0.620,    [     0.000],    20.086
 0.687,     0.639,    [     0.000],    20.086
 0.698,     0.654,    [     0.000],    20.086
 0.717,     0.670,    [     0.000],    20.086
 0.727,     0.680,    [     0.000],    20.086
 0.736,     0.691,    [     0.000],    20.086
 0.744,     0.705,    [     0.000],    20.086
 0.750,     0.706,    [     0.000],    20.086
 0.762,     0.719,    [     0.000],    20.086
 0.767,     0.727,    [     0.000],    20.086
 0.775,     0.737,    [     0.000],    20.086

 pctg,    rr,    α,    β
 0.600,     0.713,    [     0.000],    20.086


seed_val:    7
 0.337,     0.335,    [     0.000],    20.086
 0.455,     0.451,    [     0.000],    20.086
 0.544,     0.540,    [     0.000],    20.086
 0.596,     0.592,    [     0.000],    20.086
 0.636,     0.627,    [     0.000],    20.086
 0.666,     0.654,    [     0.000],    20.086
 0.687,     0.680,    [     0.000],    20.086
 0.708,     0.698,    [     0.000],    20.086
 0.724,     0.717,    [     0.000],    20.086
 0.734,     0.722,    [     0.000],    20.086
 0.748,     0.737,    [     0.000],    20.086
 0.761,     0.751,    [     0.000],    20.086
 0.765,     0.758,    [     0.000],    20.086
 0.779,     0.768,    [     0.000],    20.086
 0.785,     0.774,    [     0.000],    20.086

 pctg,    rr,    α,    β
 0.600,     0.750,    [     0.000],    20.086


seed_val:    8
 0.434,     0.465,    [     0.000],    20.086
 0.607,     0.621,    [     0.000],    20.086
 0.668,     0.663,    [     0.000],    20.086
 0.690,     0.675,    [     0.000],    20.086
 0.705,     0.690,    [     0.000],    20.086
 0.716,     0.707,    [     0.000],    20.086
 0.726,     0.712,    [     0.000],    20.086
 0.734,     0.712,    [     0.000],    20.086
 0.741,     0.726,    [     0.000],    20.086
 0.740,     0.714,    [     0.000],    20.086
 0.751,     0.738,    [     0.000],    20.086
 0.756,     0.740,    [     0.000],    20.086
 0.756,     0.746,    [     0.000],    20.086
 0.763,     0.747,    [     0.000],    20.086
 0.766,     0.746,    [     0.000],    20.086

 pctg,    rr,    α,    β
 0.600,     0.763,    [     0.000],    20.086


seed_val:    9
-0.049,    -0.063,    [     0.000],    20.086
 0.242,     0.232,    [     0.000],    20.086
 0.410,     0.400,    [     0.000],    20.086
 0.527,     0.508,    [     0.000],    20.086
 0.589,     0.553,    [     0.000],    20.086
 0.620,     0.579,    [     0.000],    20.086
 0.641,     0.602,    [     0.000],    20.086
 0.657,     0.620,    [     0.000],    20.086
 0.668,     0.636,    [     0.000],    20.086
 0.677,     0.642,    [     0.000],    20.086
 0.692,     0.652,    [     0.000],    20.086
 0.699,     0.663,    [     0.000],    20.086
 0.709,     0.668,    [     0.000],    20.086
 0.717,     0.683,    [     0.000],    20.086
 0.725,     0.689,    [     0.000],    20.086

 pctg,    rr,    α,    β
 0.600,     0.714,    [     0.000],    20.086


seed_val:    10
 0.409,     0.410,    [     0.000],    20.086
 0.593,     0.583,    [     0.000],    20.086
 0.663,     0.646,    [     0.000],    20.086
 0.683,     0.661,    [     0.000],    20.086
 0.700,     0.679,    [     0.000],    20.086
 0.711,     0.691,    [     0.000],    20.086
 0.716,     0.694,    [     0.000],    20.086
 0.731,     0.707,    [     0.000],    20.086
 0.740,     0.715,    [     0.000],    20.086
 0.747,     0.718,    [     0.000],    20.086
 0.750,     0.721,    [     0.000],    20.086
 0.761,     0.732,    [     0.000],    20.086
 0.765,     0.733,    [     0.000],    20.086
 0.773,     0.740,    [     0.000],    20.086
 0.777,     0.747,    [     0.000],    20.086

 pctg,    rr,    α,    β
 0.600,     0.750,    [     0.000],    20.086

 trans: climate_2008_pm2.5,     0.746 ±  0.021
 α, β: [     0.000] ± [     0.000], 20.086 ±  0.000