seed_val:    1
 0.950,     0.972,    [     0.000],    20.086
 0.949,     0.972,    [     0.000],    20.086
 0.948,     0.972,    [     0.000],    20.086
 0.948,     0.972,    [     0.000],    20.086
 0.947,     0.972,    [     0.000],    20.086
 0.949,     0.971,    [     0.000],    20.086
 0.948,     0.970,    [     0.000],    20.086
 0.949,     0.970,    [     0.000],    20.086
 0.950,     0.969,    [     0.000],    20.086
 0.951,     0.969,    [     0.000],    20.086
 0.952,     0.968,    [     0.000],    20.086
 0.952,     0.968,    [     0.000],    20.086
 0.953,     0.968,    [     0.000],    20.086
 0.952,     0.967,    [     0.000],    20.086
 0.952,     0.967,    [     0.000],    20.086

 pctg,    rr,    α,    β
 0.600,     0.973,    [     0.000],    20.086


seed_val:    2
 0.954,     0.968,    [     0.000],    20.086
 0.949,     0.966,    [     0.000],    20.086
 0.944,     0.965,    [     0.000],    20.086
 0.944,     0.965,    [     0.000],    20.086
 0.943,     0.964,    [     0.000],    20.086
 0.943,     0.964,    [     0.000],    20.086
 0.943,     0.964,    [     0.000],    20.086
 0.943,     0.965,    [     0.000],    20.086
 0.942,     0.964,    [     0.000],    20.086
 0.943,     0.963,    [     0.000],    20.086
 0.943,     0.963,    [     0.000],    20.086
 0.944,     0.963,    [     0.000],    20.086
 0.945,     0.963,    [     0.000],    20.086
 0.944,     0.963,    [     0.000],    20.086
 0.943,     0.962,    [     0.000],    20.086

 pctg,    rr,    α,    β
 0.600,     0.972,    [     0.000],    20.086


seed_val:    3
 0.953,     0.966,    [     0.000],    20.086
 0.958,     0.971,    [     0.000],    20.086
 0.961,     0.973,    [     0.000],    20.086
 0.960,     0.973,    [     0.000],    20.086
 0.960,     0.973,    [     0.000],    20.086
 0.958,     0.973,    [     0.000],    20.086
 0.958,     0.972,    [     0.000],    20.086
 0.958,     0.972,    [     0.000],    20.086
 0.955,     0.971,    [     0.000],    20.086
 0.955,     0.970,    [     0.000],    20.086
 0.954,     0.968,    [     0.000],    20.086
 0.953,     0.968,    [     0.000],    20.086
 0.953,     0.968,    [     0.000],    20.086
 0.952,     0.968,    [     0.000],    20.086
 0.952,     0.968,    [     0.000],    20.086

 pctg,    rr,    α,    β
 0.600,     0.969,    [     0.000],    20.086


seed_val:    4
 0.946,     0.973,    [     0.000],    20.086
 0.945,     0.974,    [     0.000],    20.086
 0.942,     0.977,    [     0.000],    20.086
 0.941,     0.980,    [     0.000],    20.086
 0.942,     0.980,    [     0.000],    20.086
 0.942,     0.979,    [     0.000],    20.086
 0.943,     0.980,    [     0.000],    20.086
 0.944,     0.979,    [     0.000],    20.086
 0.944,     0.979,    [     0.000],    20.086
 0.943,     0.979,    [     0.000],    20.086
 0.944,     0.979,    [     0.000],    20.086
 0.944,     0.978,    [     0.000],    20.086
 0.945,     0.978,    [     0.000],    20.086
 0.944,     0.979,    [     0.000],    20.086
 0.946,     0.978,    [     0.000],    20.086

 pctg,    rr,    α,    β
 0.600,     0.977,    [     0.000],    20.086


seed_val:    5
 0.940,     0.977,    [     0.000],    20.086
 0.939,     0.977,    [     0.000],    20.086
 0.942,     0.975,    [     0.000],    20.086
 0.941,     0.975,    [     0.000],    20.086
 0.942,     0.975,    [     0.000],    20.086
 0.942,     0.974,    [     0.000],    20.086
 0.942,     0.973,    [     0.000],    20.086
 0.941,     0.973,    [     0.000],    20.086
 0.941,     0.973,    [     0.000],    20.086
 0.942,     0.972,    [     0.000],    20.086
 0.941,     0.971,    [     0.000],    20.086
 0.941,     0.971,    [     0.000],    20.086
 0.935,     0.971,    [     0.000],    20.086
 0.938,     0.971,    [     0.000],    20.086
 0.938,     0.972,    [     0.000],    20.086

 pctg,    rr,    α,    β
 0.600,     0.967,    [     0.000],    20.086


seed_val:    6
 0.950,     0.971,    [     0.000],    20.086
 0.951,     0.973,    [     0.000],    20.086
 0.950,     0.974,    [     0.000],    20.086
 0.949,     0.974,    [     0.000],    20.086
 0.949,     0.975,    [     0.000],    20.086
 0.950,     0.976,    [     0.000],    20.086
 0.951,     0.977,    [     0.000],    20.086
 0.950,     0.977,    [     0.000],    20.086
 0.949,     0.976,    [     0.000],    20.086
 0.948,     0.977,    [     0.000],    20.086
 0.948,     0.977,    [     0.000],    20.086
 0.949,     0.977,    [     0.000],    20.086
 0.949,     0.976,    [     0.000],    20.086
 0.949,     0.977,    [     0.000],    20.086
 0.949,     0.977,    [     0.000],    20.086

 pctg,    rr,    α,    β
 0.600,     0.968,    [     0.000],    20.086


seed_val:    7
 0.945,     0.973,    [     0.000],    20.086
 0.947,     0.974,    [     0.000],    20.086
 0.947,     0.974,    [     0.000],    20.086
 0.947,     0.973,    [     0.000],    20.086
 0.943,     0.972,    [     0.000],    20.086
 0.945,     0.972,    [     0.000],    20.086
 0.946,     0.973,    [     0.000],    20.086
 0.947,     0.973,    [     0.000],    20.086
 0.946,     0.974,    [     0.000],    20.086
 0.948,     0.974,    [     0.000],    20.086
 0.946,     0.973,    [     0.000],    20.086
 0.946,     0.973,    [     0.000],    20.086
 0.944,     0.972,    [     0.000],    20.086
 0.944,     0.972,    [     0.000],    20.086
 0.945,     0.971,    [     0.000],    20.086

 pctg,    rr,    α,    β
 0.600,     0.969,    [     0.000],    20.086


seed_val:    8
 0.948,     0.973,    [     0.000],    20.086
 0.945,     0.975,    [     0.000],    20.086
 0.941,     0.972,    [     0.000],    20.086
 0.940,     0.972,    [     0.000],    20.086
 0.942,     0.973,    [     0.000],    20.086
 0.940,     0.972,    [     0.000],    20.086
 0.942,     0.972,    [     0.000],    20.086
 0.942,     0.972,    [     0.000],    20.086
 0.942,     0.972,    [     0.000],    20.086
 0.944,     0.972,    [     0.000],    20.086
 0.943,     0.972,    [     0.000],    20.086
 0.944,     0.973,    [     0.000],    20.086
 0.943,     0.973,    [     0.000],    20.086
 0.944,     0.972,    [     0.000],    20.086
 0.944,     0.972,    [     0.000],    20.086

 pctg,    rr,    α,    β
 0.600,     0.978,    [     0.000],    20.086


seed_val:    9
 0.947,     0.962,    [     0.000],    20.086
 0.947,     0.967,    [     0.000],    20.086
 0.951,     0.974,    [     0.000],    20.086
 0.952,     0.975,    [     0.000],    20.086
 0.952,     0.973,    [     0.000],    20.086
 0.951,     0.972,    [     0.000],    20.086
 0.951,     0.973,    [     0.000],    20.086
 0.951,     0.973,    [     0.000],    20.086
 0.950,     0.973,    [     0.000],    20.086
 0.950,     0.973,    [     0.000],    20.086
 0.950,     0.973,    [     0.000],    20.086
 0.951,     0.973,    [     0.000],    20.086
 0.951,     0.973,    [     0.000],    20.086
 0.951,     0.973,    [     0.000],    20.086
 0.952,     0.973,    [     0.000],    20.086

 pctg,    rr,    α,    β
 0.600,     0.974,    [     0.000],    20.086


seed_val:    10
 0.949,     0.973,    [     0.000],    20.086
 0.953,     0.976,    [     0.000],    20.086
 0.952,     0.976,    [     0.000],    20.086
 0.949,     0.975,    [     0.000],    20.086
 0.949,     0.975,    [     0.000],    20.086
 0.951,     0.976,    [     0.000],    20.086
 0.951,     0.976,    [     0.000],    20.086
 0.951,     0.975,    [     0.000],    20.086
 0.953,     0.975,    [     0.000],    20.086
 0.953,     0.974,    [     0.000],    20.086
 0.953,     0.974,    [     0.000],    20.086
 0.954,     0.974,    [     0.000],    20.086
 0.954,     0.973,    [     0.000],    20.086
 0.955,     0.973,    [     0.000],    20.086
 0.955,     0.973,    [     0.000],    20.086

 pctg,    rr,    α,    β
 0.600,     0.974,    [     0.000],    20.086

 trans: climate_2008_pm2.5,     0.972 ±  0.004
 α, β: [     0.000] ± [     0.000], 20.086 ±  0.000