seed_val:    1
 0.507,     0.501,    [     0.000],    20.086
 0.614,     0.582,    [     0.000],    20.086
 0.658,     0.610,    [     0.000],    20.086
 0.674,     0.614,    [     0.000],    20.086
 0.696,     0.627,    [     0.000],    20.086
 0.707,     0.633,    [     0.000],    20.086
 0.713,     0.627,    [     0.000],    20.086
 0.725,     0.638,    [     0.000],    20.086
 0.732,     0.648,    [     0.000],    20.086
 0.738,     0.658,    [     0.000],    20.086
 0.744,     0.668,    [     0.000],    20.086
 0.752,     0.679,    [     0.000],    20.086
 0.753,     0.684,    [     0.000],    20.086
 0.763,     0.690,    [     0.000],    20.086
 0.765,     0.686,    [     0.000],    20.086

 pctg,    rr,    α,    β
 0.600,     0.684,    [     0.000],    20.086


seed_val:    2
 0.353,     0.340,    [     0.000],    20.086
 0.535,     0.509,    [     0.000],    20.086
 0.609,     0.570,    [     0.000],    20.086
 0.654,     0.619,    [     0.000],    20.086
 0.677,     0.642,    [     0.000],    20.086
 0.688,     0.649,    [     0.000],    20.086
 0.704,     0.665,    [     0.000],    20.086
 0.714,     0.675,    [     0.000],    20.086
 0.713,     0.676,    [     0.000],    20.086
 0.725,     0.689,    [     0.000],    20.086
 0.730,     0.697,    [     0.000],    20.086
 0.735,     0.699,    [     0.000],    20.086
 0.739,     0.704,    [     0.000],    20.086
 0.736,     0.705,    [     0.000],    20.086
 0.743,     0.714,    [     0.000],    20.086

 pctg,    rr,    α,    β
 0.600,     0.668,    [     0.000],    20.086


seed_val:    3
 0.272,     0.235,    [     0.000],    20.086
 0.554,     0.469,    [     0.000],    20.086
 0.601,     0.516,    [     0.000],    20.086
 0.624,     0.540,    [     0.000],    20.086
 0.636,     0.553,    [     0.000],    20.086
 0.645,     0.570,    [     0.000],    20.086
 0.658,     0.584,    [     0.000],    20.086
 0.663,     0.584,    [     0.000],    20.086
 0.673,     0.599,    [     0.000],    20.086
 0.677,     0.601,    [     0.000],    20.086
 0.686,     0.612,    [     0.000],    20.086
 0.697,     0.625,    [     0.000],    20.086
 0.697,     0.623,    [     0.000],    20.086
 0.714,     0.646,    [     0.000],    20.086
 0.724,     0.652,    [     0.000],    20.086

 pctg,    rr,    α,    β
 0.600,     0.694,    [     0.000],    20.086


seed_val:    4
 0.467,     0.467,    [     0.000],    20.086
 0.589,     0.600,    [     0.000],    20.086
 0.626,     0.636,    [     0.000],    20.086
 0.655,     0.663,    [     0.000],    20.086
 0.671,     0.679,    [     0.000],    20.086
 0.683,     0.683,    [     0.000],    20.086
 0.690,     0.695,    [     0.000],    20.086
 0.691,     0.688,    [     0.000],    20.086
 0.702,     0.701,    [     0.000],    20.086
 0.707,     0.701,    [     0.000],    20.086
 0.713,     0.704,    [     0.000],    20.086
 0.718,     0.706,    [     0.000],    20.086
 0.724,     0.719,    [     0.000],    20.086
 0.727,     0.720,    [     0.000],    20.086
 0.731,     0.725,    [     0.000],    20.086

 pctg,    rr,    α,    β
 0.600,     0.716,    [     0.000],    20.086


seed_val:    5
 0.381,     0.441,    [     0.000],    20.086
 0.521,     0.564,    [     0.000],    20.086
 0.587,     0.615,    [     0.000],    20.086
 0.613,     0.634,    [     0.000],    20.086
 0.633,     0.656,    [     0.000],    20.086
 0.644,     0.665,    [     0.000],    20.086
 0.656,     0.679,    [     0.000],    20.086
 0.662,     0.688,    [     0.000],    20.086
 0.673,     0.696,    [     0.000],    20.086
 0.683,     0.702,    [     0.000],    20.086
 0.691,     0.715,    [     0.000],    20.086
 0.697,     0.718,    [     0.000],    20.086
 0.695,     0.711,    [     0.000],    20.086
 0.706,     0.727,    [     0.000],    20.086
 0.709,     0.725,    [     0.000],    20.086

 pctg,    rr,    α,    β
 0.600,     0.711,    [     0.000],    20.086


seed_val:    6
 0.212,     0.194,    [     0.000],    20.086
 0.514,     0.495,    [     0.000],    20.086
 0.608,     0.591,    [     0.000],    20.086
 0.640,     0.617,    [     0.000],    20.086
 0.661,     0.636,    [     0.000],    20.086
 0.676,     0.645,    [     0.000],    20.086
 0.679,     0.645,    [     0.000],    20.086
 0.692,     0.655,    [     0.000],    20.086
 0.702,     0.661,    [     0.000],    20.086
 0.708,     0.672,    [     0.000],    20.086
 0.711,     0.674,    [     0.000],    20.086
 0.714,     0.673,    [     0.000],    20.086
 0.718,     0.680,    [     0.000],    20.086
 0.722,     0.682,    [     0.000],    20.086
 0.726,     0.684,    [     0.000],    20.086

 pctg,    rr,    α,    β
 0.600,     0.678,    [     0.000],    20.086


seed_val:    7
 0.230,     0.241,    [     0.000],    20.086
 0.540,     0.527,    [     0.000],    20.086
 0.612,     0.575,    [     0.000],    20.086
 0.642,     0.596,    [     0.000],    20.086
 0.659,     0.612,    [     0.000],    20.086
 0.670,     0.626,    [     0.000],    20.086
 0.682,     0.636,    [     0.000],    20.086
 0.689,     0.647,    [     0.000],    20.086
 0.698,     0.656,    [     0.000],    20.086
 0.707,     0.669,    [     0.000],    20.086
 0.712,     0.681,    [     0.000],    20.086
 0.724,     0.691,    [     0.000],    20.086
 0.730,     0.692,    [     0.000],    20.086
 0.732,     0.691,    [     0.000],    20.086
 0.733,     0.693,    [     0.000],    20.086

 pctg,    rr,    α,    β
 0.600,     0.695,    [     0.000],    20.086


seed_val:    8
 0.321,     0.364,    [     0.000],    20.086
 0.507,     0.540,    [     0.000],    20.086
 0.586,     0.596,    [     0.000],    20.086
 0.625,     0.625,    [     0.000],    20.086
 0.651,     0.641,    [     0.000],    20.086
 0.670,     0.652,    [     0.000],    20.086
 0.678,     0.668,    [     0.000],    20.086
 0.690,     0.671,    [     0.000],    20.086
 0.699,     0.688,    [     0.000],    20.086
 0.704,     0.684,    [     0.000],    20.086
 0.712,     0.693,    [     0.000],    20.086
 0.722,     0.705,    [     0.000],    20.086
 0.724,     0.704,    [     0.000],    20.086
 0.730,     0.708,    [     0.000],    20.086
 0.731,     0.709,    [     0.000],    20.086

 pctg,    rr,    α,    β
 0.600,     0.722,    [     0.000],    20.086


seed_val:    9
 0.326,     0.350,    [     0.000],    20.086
 0.518,     0.504,    [     0.000],    20.086
 0.581,     0.557,    [     0.000],    20.086
 0.595,     0.565,    [     0.000],    20.086
 0.618,     0.586,    [     0.000],    20.086
 0.633,     0.599,    [     0.000],    20.086
 0.646,     0.605,    [     0.000],    20.086
 0.660,     0.622,    [     0.000],    20.086
 0.673,     0.640,    [     0.000],    20.086
 0.679,     0.646,    [     0.000],    20.086
 0.696,     0.651,    [     0.000],    20.086
 0.700,     0.659,    [     0.000],    20.086
 0.710,     0.664,    [     0.000],    20.086
 0.711,     0.665,    [     0.000],    20.086
 0.714,     0.662,    [     0.000],    20.086

 pctg,    rr,    α,    β
 0.600,     0.721,    [     0.000],    20.086


seed_val:    10
 0.288,     0.276,    [     0.000],    20.086
 0.501,     0.495,    [     0.000],    20.086
 0.599,     0.595,    [     0.000],    20.086
 0.638,     0.627,    [     0.000],    20.086
 0.655,     0.644,    [     0.000],    20.086
 0.670,     0.656,    [     0.000],    20.086
 0.678,     0.662,    [     0.000],    20.086
 0.688,     0.669,    [     0.000],    20.086
 0.696,     0.677,    [     0.000],    20.086
 0.699,     0.683,    [     0.000],    20.086
 0.706,     0.690,    [     0.000],    20.086
 0.715,     0.696,    [     0.000],    20.086
 0.717,     0.697,    [     0.000],    20.086
 0.722,     0.695,    [     0.000],    20.086
 0.729,     0.705,    [     0.000],    20.086

 pctg,    rr,    α,    β
 0.600,     0.721,    [     0.000],    20.086

 trans: climate_2008_pm2.5,     0.701 ±  0.020
 α, β: [     0.000] ± [     0.000], 20.086 ±  0.000