seed_val:    1
 0.885,     0.918,    [     0.000],    20.086
 0.885,     0.918,    [     0.000],    20.086
 0.885,     0.918,    [     0.000],    20.086
 0.885,     0.918,    [     0.000],    20.086
 0.885,     0.918,    [     0.000],    20.086
 0.885,     0.918,    [     0.000],    20.086
 0.885,     0.918,    [     0.000],    20.086
 0.885,     0.918,    [     0.000],    20.086
 0.885,     0.918,    [     0.000],    20.086
 0.885,     0.918,    [     0.000],    20.086
 0.885,     0.918,    [     0.000],    20.086
 0.885,     0.918,    [     0.000],    20.086
 0.885,     0.918,    [     0.000],    20.086
 0.885,     0.918,    [     0.000],    20.086
 0.885,     0.918,    [     0.000],    20.086

 pctg,    rr,    α,    β
 0.600,     0.941,    [     0.000],    20.086


seed_val:    2
 0.876,     0.924,    [     0.000],    20.086
 0.876,     0.924,    [     0.000],    20.086
 0.876,     0.924,    [     0.000],    20.086
 0.876,     0.924,    [     0.000],    20.086
 0.876,     0.924,    [     0.000],    20.086
 0.876,     0.924,    [     0.000],    20.086
 0.876,     0.924,    [     0.000],    20.086
 0.876,     0.924,    [     0.000],    20.086
 0.876,     0.924,    [     0.000],    20.086
 0.876,     0.924,    [     0.000],    20.086
 0.876,     0.924,    [     0.000],    20.086
 0.876,     0.924,    [     0.000],    20.086
 0.876,     0.924,    [     0.000],    20.086
 0.876,     0.924,    [     0.000],    20.086
 0.876,     0.924,    [     0.000],    20.086

 pctg,    rr,    α,    β
 0.600,     0.930,    [     0.000],    20.086


seed_val:    3
 0.877,     0.940,    [     0.000],    20.086
 0.877,     0.940,    [     0.000],    20.086
 0.877,     0.940,    [     0.000],    20.086
 0.877,     0.940,    [     0.000],    20.086
 0.877,     0.940,    [     0.000],    20.086
 0.877,     0.940,    [     0.000],    20.086
 0.877,     0.940,    [     0.000],    20.086
 0.877,     0.940,    [     0.000],    20.086
 0.877,     0.940,    [     0.000],    20.086
 0.877,     0.940,    [     0.000],    20.086
 0.877,     0.940,    [     0.000],    20.086
 0.877,     0.940,    [     0.000],    20.086
 0.877,     0.940,    [     0.000],    20.086
 0.877,     0.940,    [     0.000],    20.086
 0.877,     0.940,    [     0.000],    20.086

 pctg,    rr,    α,    β
 0.600,     0.919,    [     0.000],    20.086


seed_val:    4
 0.848,     0.925,    [     0.000],    20.086
 0.848,     0.925,    [     0.000],    20.086
 0.848,     0.925,    [     0.000],    20.086
 0.848,     0.925,    [     0.000],    20.086
 0.848,     0.925,    [     0.000],    20.086
 0.848,     0.925,    [     0.000],    20.086
 0.848,     0.925,    [     0.000],    20.086
 0.848,     0.925,    [     0.000],    20.086
 0.848,     0.925,    [     0.000],    20.086
 0.848,     0.925,    [     0.000],    20.086
 0.848,     0.925,    [     0.000],    20.086
 0.848,     0.925,    [     0.000],    20.086
 0.848,     0.925,    [     0.000],    20.086
 0.848,     0.925,    [     0.000],    20.086
 0.848,     0.925,    [     0.000],    20.086

 pctg,    rr,    α,    β
 0.600,     0.938,    [     0.000],    20.086


seed_val:    5
 0.879,     0.923,    [     0.000],    20.086
 0.879,     0.923,    [     0.000],    20.086
 0.879,     0.923,    [     0.000],    20.086
 0.879,     0.923,    [     0.000],    20.086
 0.879,     0.923,    [     0.000],    20.086
 0.879,     0.923,    [     0.000],    20.086
 0.879,     0.923,    [     0.000],    20.086
 0.879,     0.923,    [     0.000],    20.086
 0.879,     0.923,    [     0.000],    20.086
 0.879,     0.923,    [     0.000],    20.086
 0.879,     0.923,    [     0.000],    20.086
 0.879,     0.923,    [     0.000],    20.086
 0.879,     0.923,    [     0.000],    20.086
 0.879,     0.923,    [     0.000],    20.086
 0.879,     0.923,    [     0.000],    20.086

 pctg,    rr,    α,    β
 0.600,     0.910,    [     0.000],    20.086


seed_val:    6
 0.873,     0.921,    [     0.000],    20.086
 0.873,     0.921,    [     0.000],    20.086
 0.873,     0.921,    [     0.000],    20.086
 0.873,     0.921,    [     0.000],    20.086
 0.873,     0.921,    [     0.000],    20.086
 0.873,     0.921,    [     0.000],    20.086
 0.873,     0.921,    [     0.000],    20.086
 0.873,     0.921,    [     0.000],    20.086
 0.873,     0.921,    [     0.000],    20.086
 0.873,     0.921,    [     0.000],    20.086
 0.873,     0.921,    [     0.000],    20.086
 0.873,     0.921,    [     0.000],    20.086
 0.873,     0.921,    [     0.000],    20.086
 0.873,     0.921,    [     0.000],    20.086
 0.873,     0.921,    [     0.000],    20.086

 pctg,    rr,    α,    β
 0.600,     0.903,    [     0.000],    20.086


seed_val:    7
 0.892,     0.916,    [     0.000],    20.086
 0.892,     0.916,    [     0.000],    20.086
 0.892,     0.916,    [     0.000],    20.086
 0.892,     0.916,    [     0.000],    20.086
 0.892,     0.916,    [     0.000],    20.086
 0.892,     0.916,    [     0.000],    20.086
 0.892,     0.916,    [     0.000],    20.086
 0.892,     0.916,    [     0.000],    20.086
 0.892,     0.916,    [     0.000],    20.086
 0.892,     0.916,    [     0.000],    20.086
 0.892,     0.916,    [     0.000],    20.086
 0.892,     0.916,    [     0.000],    20.086
 0.892,     0.916,    [     0.000],    20.086
 0.892,     0.916,    [     0.000],    20.086
 0.892,     0.916,    [     0.000],    20.086

 pctg,    rr,    α,    β
 0.600,     0.920,    [     0.000],    20.086


seed_val:    8
 0.882,     0.915,    [     0.000],    20.086
 0.882,     0.915,    [     0.000],    20.086
 0.882,     0.915,    [     0.000],    20.086
 0.882,     0.915,    [     0.000],    20.086
 0.882,     0.915,    [     0.000],    20.086
 0.882,     0.915,    [     0.000],    20.086
 0.882,     0.915,    [     0.000],    20.086
 0.882,     0.915,    [     0.000],    20.086
 0.882,     0.915,    [     0.000],    20.086
 0.882,     0.915,    [     0.000],    20.086
 0.882,     0.915,    [     0.000],    20.086
 0.882,     0.915,    [     0.000],    20.086
 0.882,     0.915,    [     0.000],    20.086
 0.882,     0.915,    [     0.000],    20.086
 0.882,     0.915,    [     0.000],    20.086

 pctg,    rr,    α,    β
 0.600,     0.927,    [     0.000],    20.086


seed_val:    9
 0.864,     0.903,    [     0.000],    20.086
 0.864,     0.903,    [     0.000],    20.086
 0.864,     0.903,    [     0.000],    20.086
 0.864,     0.903,    [     0.000],    20.086
 0.864,     0.903,    [     0.000],    20.086
 0.864,     0.903,    [     0.000],    20.086
 0.864,     0.903,    [     0.000],    20.086
 0.864,     0.903,    [     0.000],    20.086
 0.864,     0.903,    [     0.000],    20.086
 0.864,     0.903,    [     0.000],    20.086
 0.864,     0.903,    [     0.000],    20.086
 0.864,     0.903,    [     0.000],    20.086
 0.864,     0.903,    [     0.000],    20.086
 0.864,     0.903,    [     0.000],    20.086
 0.864,     0.903,    [     0.000],    20.086

 pctg,    rr,    α,    β
 0.600,     0.931,    [     0.000],    20.086


seed_val:    10
 0.893,     0.926,    [     0.000],    20.086
 0.893,     0.926,    [     0.000],    20.086
 0.893,     0.926,    [     0.000],    20.086
 0.893,     0.926,    [     0.000],    20.086
 0.893,     0.926,    [     0.000],    20.086
 0.893,     0.926,    [     0.000],    20.086
 0.893,     0.926,    [     0.000],    20.086
 0.893,     0.926,    [     0.000],    20.086
 0.893,     0.926,    [     0.000],    20.086
 0.893,     0.926,    [     0.000],    20.086
 0.893,     0.926,    [     0.000],    20.086
 0.893,     0.926,    [     0.000],    20.086
 0.893,     0.926,    [     0.000],    20.086
 0.893,     0.926,    [     0.000],    20.086
 0.893,     0.926,    [     0.000],    20.086

 pctg,    rr,    α,    β
 0.600,     0.906,    [     0.000],    20.086

 trans: climate_2008_landT,     0.923 ±  0.013
 α, β: [     0.000] ± [     0.000], 20.086 ±  0.000