seed_val:    1
 0.868,     0.857,    [     0.000],    20.086
 0.908,     0.901,    [     0.000],    20.086
 0.919,     0.909,    [     0.000],    20.086
 0.925,     0.916,    [     0.000],    20.086
 0.929,     0.919,    [     0.000],    20.086
 0.931,     0.922,    [     0.000],    20.086
 0.933,     0.924,    [     0.000],    20.086
 0.935,     0.926,    [     0.000],    20.086
 0.937,     0.927,    [     0.000],    20.086
 0.937,     0.927,    [     0.000],    20.086
 0.939,     0.928,    [     0.000],    20.086
 0.939,     0.929,    [     0.000],    20.086
 0.938,     0.924,    [     0.000],    20.086
 0.940,     0.928,    [     0.000],    20.086
 0.942,     0.930,    [     0.000],    20.086

 pctg,    rr,    α,    β
 0.600,     0.938,    [     0.000],    20.086


seed_val:    2
 0.401,     0.421,    [     0.000],    20.086
 0.848,     0.847,    [     0.000],    20.086
 0.906,     0.902,    [     0.000],    20.086
 0.917,     0.913,    [     0.000],    20.086
 0.923,     0.917,    [     0.000],    20.086
 0.927,     0.919,    [     0.000],    20.086
 0.928,     0.921,    [     0.000],    20.086
 0.931,     0.923,    [     0.000],    20.086
 0.932,     0.924,    [     0.000],    20.086
 0.934,     0.925,    [     0.000],    20.086
 0.934,     0.925,    [     0.000],    20.086
 0.934,     0.923,    [     0.000],    20.086
 0.936,     0.928,    [     0.000],    20.086
 0.936,     0.925,    [     0.000],    20.086
 0.938,     0.927,    [     0.000],    20.086

 pctg,    rr,    α,    β
 0.600,     0.943,    [     0.000],    20.086


seed_val:    3
 0.407,     0.396,    [     0.000],    20.086
 0.881,     0.870,    [     0.000],    20.086
 0.918,     0.915,    [     0.000],    20.086
 0.923,     0.920,    [     0.000],    20.086
 0.925,     0.924,    [     0.000],    20.086
 0.928,     0.926,    [     0.000],    20.086
 0.929,     0.925,    [     0.000],    20.086
 0.931,     0.928,    [     0.000],    20.086
 0.933,     0.931,    [     0.000],    20.086
 0.933,     0.929,    [     0.000],    20.086
 0.934,     0.933,    [     0.000],    20.086
 0.935,     0.934,    [     0.000],    20.086
 0.936,     0.934,    [     0.000],    20.086
 0.937,     0.934,    [     0.000],    20.086
 0.938,     0.934,    [     0.000],    20.086

 pctg,    rr,    α,    β
 0.600,     0.926,    [     0.000],    20.086


seed_val:    4
 0.843,     0.858,    [     0.000],    20.086
 0.888,     0.894,    [     0.000],    20.086
 0.908,     0.910,    [     0.000],    20.086
 0.918,     0.921,    [     0.000],    20.086
 0.923,     0.926,    [     0.000],    20.086
 0.926,     0.927,    [     0.000],    20.086
 0.928,     0.930,    [     0.000],    20.086
 0.929,     0.931,    [     0.000],    20.086
 0.932,     0.934,    [     0.000],    20.086
 0.934,     0.935,    [     0.000],    20.086
 0.935,     0.936,    [     0.000],    20.086
 0.936,     0.938,    [     0.000],    20.086
 0.938,     0.939,    [     0.000],    20.086
 0.936,     0.936,    [     0.000],    20.086
 0.939,     0.939,    [     0.000],    20.086

 pctg,    rr,    α,    β
 0.600,     0.931,    [     0.000],    20.086


seed_val:    5
 0.857,     0.856,    [     0.000],    20.086
 0.900,     0.897,    [     0.000],    20.086
 0.915,     0.915,    [     0.000],    20.086
 0.920,     0.920,    [     0.000],    20.086
 0.924,     0.925,    [     0.000],    20.086
 0.927,     0.926,    [     0.000],    20.086
 0.928,     0.927,    [     0.000],    20.086
 0.931,     0.928,    [     0.000],    20.086
 0.932,     0.930,    [     0.000],    20.086
 0.933,     0.928,    [     0.000],    20.086
 0.935,     0.931,    [     0.000],    20.086
 0.937,     0.932,    [     0.000],    20.086
 0.936,     0.931,    [     0.000],    20.086
 0.939,     0.933,    [     0.000],    20.086
 0.939,     0.932,    [     0.000],    20.086

 pctg,    rr,    α,    β
 0.600,     0.938,    [     0.000],    20.086


seed_val:    6
 0.714,     0.750,    [     0.000],    20.086
 0.871,     0.881,    [     0.000],    20.086
 0.909,     0.908,    [     0.000],    20.086
 0.920,     0.918,    [     0.000],    20.086
 0.925,     0.922,    [     0.000],    20.086
 0.928,     0.925,    [     0.000],    20.086
 0.930,     0.926,    [     0.000],    20.086
 0.933,     0.928,    [     0.000],    20.086
 0.934,     0.929,    [     0.000],    20.086
 0.935,     0.930,    [     0.000],    20.086
 0.937,     0.932,    [     0.000],    20.086
 0.937,     0.932,    [     0.000],    20.086
 0.938,     0.932,    [     0.000],    20.086
 0.938,     0.933,    [     0.000],    20.086
 0.940,     0.934,    [     0.000],    20.086

 pctg,    rr,    α,    β
 0.600,     0.935,    [     0.000],    20.086


seed_val:    7
 0.681,     0.711,    [     0.000],    20.086
 0.846,     0.857,    [     0.000],    20.086
 0.875,     0.880,    [     0.000],    20.086
 0.890,     0.892,    [     0.000],    20.086
 0.902,     0.902,    [     0.000],    20.086
 0.912,     0.914,    [     0.000],    20.086
 0.919,     0.919,    [     0.000],    20.086
 0.923,     0.925,    [     0.000],    20.086
 0.925,     0.925,    [     0.000],    20.086
 0.928,     0.925,    [     0.000],    20.086
 0.930,     0.931,    [     0.000],    20.086
 0.932,     0.930,    [     0.000],    20.086
 0.935,     0.930,    [     0.000],    20.086
 0.936,     0.933,    [     0.000],    20.086
 0.938,     0.932,    [     0.000],    20.086

 pctg,    rr,    α,    β
 0.600,     0.934,    [     0.000],    20.086


seed_val:    8
 0.821,     0.813,    [     0.000],    20.086
 0.897,     0.890,    [     0.000],    20.086
 0.911,     0.902,    [     0.000],    20.086
 0.918,     0.907,    [     0.000],    20.086
 0.921,     0.912,    [     0.000],    20.086
 0.926,     0.917,    [     0.000],    20.086
 0.927,     0.918,    [     0.000],    20.086
 0.930,     0.919,    [     0.000],    20.086
 0.932,     0.922,    [     0.000],    20.086
 0.933,     0.923,    [     0.000],    20.086
 0.934,     0.925,    [     0.000],    20.086
 0.935,     0.924,    [     0.000],    20.086
 0.935,     0.926,    [     0.000],    20.086
 0.936,     0.927,    [     0.000],    20.086
 0.937,     0.928,    [     0.000],    20.086

 pctg,    rr,    α,    β
 0.600,     0.937,    [     0.000],    20.086


seed_val:    9
 0.678,     0.677,    [     0.000],    20.086
 0.887,     0.889,    [     0.000],    20.086
 0.912,     0.913,    [     0.000],    20.086
 0.921,     0.924,    [     0.000],    20.086
 0.926,     0.927,    [     0.000],    20.086
 0.930,     0.929,    [     0.000],    20.086
 0.931,     0.933,    [     0.000],    20.086
 0.934,     0.931,    [     0.000],    20.086
 0.935,     0.930,    [     0.000],    20.086
 0.936,     0.933,    [     0.000],    20.086
 0.937,     0.935,    [     0.000],    20.086
 0.939,     0.935,    [     0.000],    20.086
 0.940,     0.936,    [     0.000],    20.086
 0.941,     0.937,    [     0.000],    20.086
 0.941,     0.936,    [     0.000],    20.086

 pctg,    rr,    α,    β
 0.600,     0.939,    [     0.000],    20.086


seed_val:    10
 0.844,     0.825,    [     0.000],    20.086
 0.918,     0.902,    [     0.000],    20.086
 0.926,     0.910,    [     0.000],    20.086
 0.929,     0.912,    [     0.000],    20.086
 0.931,     0.914,    [     0.000],    20.086
 0.933,     0.917,    [     0.000],    20.086
 0.934,     0.919,    [     0.000],    20.086
 0.936,     0.920,    [     0.000],    20.086
 0.937,     0.919,    [     0.000],    20.086
 0.938,     0.920,    [     0.000],    20.086
 0.938,     0.922,    [     0.000],    20.086
 0.940,     0.924,    [     0.000],    20.086
 0.941,     0.925,    [     0.000],    20.086
 0.941,     0.924,    [     0.000],    20.086
 0.942,     0.926,    [     0.000],    20.086

 pctg,    rr,    α,    β
 0.600,     0.930,    [     0.000],    20.086

 trans: climate_2008_landT,     0.935 ±  0.005
 α, β: [     0.000] ± [     0.000], 20.086 ±  0.000