seed_val:    1
 0.950,     0.963,    [     0.000],    20.086
 0.950,     0.963,    [     0.000],    20.086
 0.950,     0.963,    [     0.000],    20.086
 0.950,     0.963,    [     0.000],    20.086
 0.950,     0.963,    [     0.000],    20.086
 0.950,     0.963,    [     0.000],    20.086
 0.950,     0.963,    [     0.000],    20.086
 0.950,     0.963,    [     0.000],    20.086
 0.950,     0.963,    [     0.000],    20.086
 0.950,     0.963,    [     0.000],    20.086
 0.950,     0.963,    [     0.000],    20.086
 0.950,     0.963,    [     0.000],    20.086
 0.950,     0.963,    [     0.000],    20.086
 0.950,     0.963,    [     0.000],    20.086
 0.950,     0.963,    [     0.000],    20.086

 pctg,    rr,    α,    β
 0.600,     0.972,    [     0.000],    20.086


seed_val:    2
 0.947,     0.968,    [     0.000],    20.086
 0.947,     0.968,    [     0.000],    20.086
 0.947,     0.968,    [     0.000],    20.086
 0.947,     0.968,    [     0.000],    20.086
 0.947,     0.968,    [     0.000],    20.086
 0.947,     0.968,    [     0.000],    20.086
 0.947,     0.968,    [     0.000],    20.086
 0.947,     0.968,    [     0.000],    20.086
 0.947,     0.968,    [     0.000],    20.086
 0.947,     0.968,    [     0.000],    20.086
 0.947,     0.968,    [     0.000],    20.086
 0.947,     0.968,    [     0.000],    20.086
 0.947,     0.968,    [     0.000],    20.086
 0.947,     0.968,    [     0.000],    20.086
 0.947,     0.968,    [     0.000],    20.086

 pctg,    rr,    α,    β
 0.600,     0.959,    [     0.000],    20.086


seed_val:    3
 0.946,     0.966,    [     0.000],    20.086
 0.946,     0.966,    [     0.000],    20.086
 0.946,     0.966,    [     0.000],    20.086
 0.946,     0.966,    [     0.000],    20.086
 0.946,     0.966,    [     0.000],    20.086
 0.946,     0.966,    [     0.000],    20.086
 0.946,     0.966,    [     0.000],    20.086
 0.946,     0.966,    [     0.000],    20.086
 0.946,     0.966,    [     0.000],    20.086
 0.946,     0.966,    [     0.000],    20.086
 0.946,     0.966,    [     0.000],    20.086
 0.946,     0.966,    [     0.000],    20.086
 0.946,     0.966,    [     0.000],    20.086
 0.946,     0.966,    [     0.000],    20.086
 0.946,     0.966,    [     0.000],    20.086

 pctg,    rr,    α,    β
 0.600,     0.964,    [     0.000],    20.086


seed_val:    4
 0.929,     0.964,    [     0.000],    20.086
 0.929,     0.964,    [     0.000],    20.086
 0.929,     0.964,    [     0.000],    20.086
 0.929,     0.964,    [     0.000],    20.086
 0.929,     0.964,    [     0.000],    20.086
 0.929,     0.964,    [     0.000],    20.086
 0.929,     0.964,    [     0.000],    20.086
 0.929,     0.964,    [     0.000],    20.086
 0.929,     0.964,    [     0.000],    20.086
 0.929,     0.964,    [     0.000],    20.086
 0.929,     0.964,    [     0.000],    20.086
 0.929,     0.964,    [     0.000],    20.086
 0.929,     0.964,    [     0.000],    20.086
 0.929,     0.964,    [     0.000],    20.086
 0.929,     0.964,    [     0.000],    20.086

 pctg,    rr,    α,    β
 0.600,     0.970,    [     0.000],    20.086


seed_val:    5
 0.948,     0.964,    [     0.000],    20.086
 0.948,     0.964,    [     0.000],    20.086
 0.948,     0.964,    [     0.000],    20.086
 0.948,     0.964,    [     0.000],    20.086
 0.948,     0.964,    [     0.000],    20.086
 0.948,     0.964,    [     0.000],    20.086
 0.948,     0.964,    [     0.000],    20.086
 0.948,     0.964,    [     0.000],    20.086
 0.948,     0.964,    [     0.000],    20.086
 0.948,     0.964,    [     0.000],    20.086
 0.948,     0.964,    [     0.000],    20.086
 0.948,     0.964,    [     0.000],    20.086
 0.948,     0.964,    [     0.000],    20.086
 0.948,     0.964,    [     0.000],    20.086
 0.948,     0.964,    [     0.000],    20.086

 pctg,    rr,    α,    β
 0.600,     0.959,    [     0.000],    20.086


seed_val:    6
 0.946,     0.966,    [     0.000],    20.086
 0.946,     0.966,    [     0.000],    20.086
 0.946,     0.966,    [     0.000],    20.086
 0.946,     0.966,    [     0.000],    20.086
 0.946,     0.966,    [     0.000],    20.086
 0.946,     0.966,    [     0.000],    20.086
 0.946,     0.966,    [     0.000],    20.086
 0.946,     0.966,    [     0.000],    20.086
 0.946,     0.966,    [     0.000],    20.086
 0.946,     0.966,    [     0.000],    20.086
 0.946,     0.966,    [     0.000],    20.086
 0.946,     0.966,    [     0.000],    20.086
 0.946,     0.966,    [     0.000],    20.086
 0.946,     0.966,    [     0.000],    20.086
 0.946,     0.966,    [     0.000],    20.086

 pctg,    rr,    α,    β
 0.600,     0.957,    [     0.000],    20.086


seed_val:    7
 0.955,     0.958,    [     0.000],    20.086
 0.955,     0.958,    [     0.000],    20.086
 0.955,     0.958,    [     0.000],    20.086
 0.955,     0.958,    [     0.000],    20.086
 0.955,     0.958,    [     0.000],    20.086
 0.955,     0.958,    [     0.000],    20.086
 0.955,     0.958,    [     0.000],    20.086
 0.955,     0.958,    [     0.000],    20.086
 0.955,     0.958,    [     0.000],    20.086
 0.955,     0.958,    [     0.000],    20.086
 0.955,     0.958,    [     0.000],    20.086
 0.955,     0.958,    [     0.000],    20.086
 0.955,     0.958,    [     0.000],    20.086
 0.955,     0.958,    [     0.000],    20.086
 0.955,     0.958,    [     0.000],    20.086

 pctg,    rr,    α,    β
 0.600,     0.960,    [     0.000],    20.086


seed_val:    8
 0.951,     0.960,    [     0.000],    20.086
 0.951,     0.960,    [     0.000],    20.086
 0.951,     0.960,    [     0.000],    20.086
 0.951,     0.960,    [     0.000],    20.086
 0.951,     0.960,    [     0.000],    20.086
 0.951,     0.960,    [     0.000],    20.086
 0.951,     0.960,    [     0.000],    20.086
 0.951,     0.960,    [     0.000],    20.086
 0.951,     0.960,    [     0.000],    20.086
 0.951,     0.960,    [     0.000],    20.086
 0.951,     0.960,    [     0.000],    20.086
 0.951,     0.960,    [     0.000],    20.086
 0.951,     0.960,    [     0.000],    20.086
 0.951,     0.960,    [     0.000],    20.086
 0.951,     0.960,    [     0.000],    20.086

 pctg,    rr,    α,    β
 0.600,     0.964,    [     0.000],    20.086


seed_val:    9
 0.938,     0.961,    [     0.000],    20.086
 0.938,     0.961,    [     0.000],    20.086
 0.938,     0.961,    [     0.000],    20.086
 0.938,     0.961,    [     0.000],    20.086
 0.938,     0.961,    [     0.000],    20.086
 0.938,     0.961,    [     0.000],    20.086
 0.938,     0.961,    [     0.000],    20.086
 0.938,     0.961,    [     0.000],    20.086
 0.938,     0.961,    [     0.000],    20.086
 0.938,     0.961,    [     0.000],    20.086
 0.938,     0.961,    [     0.000],    20.086
 0.938,     0.961,    [     0.000],    20.086
 0.938,     0.961,    [     0.000],    20.086
 0.938,     0.961,    [     0.000],    20.086
 0.938,     0.961,    [     0.000],    20.086

 pctg,    rr,    α,    β
 0.600,     0.968,    [     0.000],    20.086


seed_val:    10
 0.950,     0.966,    [     0.000],    20.086
 0.950,     0.966,    [     0.000],    20.086
 0.950,     0.966,    [     0.000],    20.086
 0.950,     0.966,    [     0.000],    20.086
 0.950,     0.966,    [     0.000],    20.086
 0.950,     0.966,    [     0.000],    20.086
 0.950,     0.966,    [     0.000],    20.086
 0.950,     0.966,    [     0.000],    20.086
 0.950,     0.966,    [     0.000],    20.086
 0.950,     0.966,    [     0.000],    20.086
 0.950,     0.966,    [     0.000],    20.086
 0.950,     0.966,    [     0.000],    20.086
 0.950,     0.966,    [     0.000],    20.086
 0.950,     0.966,    [     0.000],    20.086
 0.950,     0.966,    [     0.000],    20.086

 pctg,    rr,    α,    β
 0.600,     0.961,    [     0.000],    20.086

 trans: climate_2008_airT,     0.963 ±  0.005
 α, β: [     0.000] ± [     0.000], 20.086 ±  0.000