
seed_val:    1
 0.957,     0.971,    [     0.000],    20.086
 0.962,     0.974,    [     0.000],    20.086
 0.964,     0.975,    [     0.000],    20.086
 0.967,     0.977,    [     0.000],    20.086
 0.968,     0.978,    [     0.000],    20.086
 0.969,     0.977,    [     0.000],    20.086
 0.969,     0.978,    [     0.000],    20.086
 0.970,     0.978,    [     0.000],    20.086
 0.971,     0.977,    [     0.000],    20.086
 0.971,     0.978,    [     0.000],    20.086
 0.972,     0.978,    [     0.000],    20.086
 0.972,     0.978,    [     0.000],    20.086
 0.972,     0.978,    [     0.000],    20.086
 0.973,     0.978,    [     0.000],    20.086
 0.973,     0.979,    [     0.000],    20.086

 pctg,    rr,    α,    β
 0.600,     0.986,    [     0.000],    20.086


seed_val:    2
 0.968,     0.979,    [     0.000],    20.086
 0.969,     0.981,    [     0.000],    20.086
 0.969,     0.980,    [     0.000],    20.086
 0.971,     0.981,    [     0.000],    20.086
 0.971,     0.981,    [     0.000],    20.086
 0.972,     0.981,    [     0.000],    20.086
 0.973,     0.982,    [     0.000],    20.086
 0.974,     0.982,    [     0.000],    20.086
 0.973,     0.981,    [     0.000],    20.086
 0.974,     0.981,    [     0.000],    20.086
 0.975,     0.981,    [     0.000],    20.086
 0.975,     0.981,    [     0.000],    20.086
 0.975,     0.981,    [     0.000],    20.086
 0.976,     0.981,    [     0.000],    20.086
 0.976,     0.982,    [     0.000],    20.086

 pctg,    rr,    α,    β
 0.600,     0.983,    [     0.000],    20.086


seed_val:    3
 0.951,     0.969,    [     0.000],    20.086
 0.966,     0.977,    [     0.000],    20.086
 0.969,     0.979,    [     0.000],    20.086
 0.969,     0.979,    [     0.000],    20.086
 0.969,     0.980,    [     0.000],    20.086
 0.970,     0.980,    [     0.000],    20.086
 0.970,     0.980,    [     0.000],    20.086
 0.970,     0.980,    [     0.000],    20.086
 0.971,     0.980,    [     0.000],    20.086
 0.971,     0.979,    [     0.000],    20.086
 0.971,     0.979,    [     0.000],    20.086
 0.972,     0.979,    [     0.000],    20.086
 0.971,     0.978,    [     0.000],    20.086
 0.972,     0.978,    [     0.000],    20.086
 0.972,     0.977,    [     0.000],    20.086

 pctg,    rr,    α,    β
 0.600,     0.977,    [     0.000],    20.086


seed_val:    4
 0.961,     0.975,    [     0.000],    20.086
 0.965,     0.979,    [     0.000],    20.086
 0.965,     0.980,    [     0.000],    20.086
 0.966,     0.980,    [     0.000],    20.086
 0.969,     0.982,    [     0.000],    20.086
 0.970,     0.982,    [     0.000],    20.086
 0.971,     0.983,    [     0.000],    20.086
 0.972,     0.983,    [     0.000],    20.086
 0.972,     0.983,    [     0.000],    20.086
 0.972,     0.983,    [     0.000],    20.086
 0.973,     0.983,    [     0.000],    20.086
 0.974,     0.983,    [     0.000],    20.086
 0.974,     0.983,    [     0.000],    20.086
 0.974,     0.983,    [     0.000],    20.086
 0.975,     0.984,    [     0.000],    20.086

 pctg,    rr,    α,    β
 0.600,     0.985,    [     0.000],    20.086


seed_val:    5
 0.971,     0.983,    [     0.000],    20.086
 0.971,     0.979,    [     0.000],    20.086
 0.971,     0.978,    [     0.000],    20.086
 0.970,     0.977,    [     0.000],    20.086
 0.971,     0.978,    [     0.000],    20.086
 0.973,     0.979,    [     0.000],    20.086
 0.974,     0.979,    [     0.000],    20.086
 0.974,     0.979,    [     0.000],    20.086
 0.976,     0.980,    [     0.000],    20.086
 0.976,     0.981,    [     0.000],    20.086
 0.977,     0.980,    [     0.000],    20.086
 0.977,     0.980,    [     0.000],    20.086
 0.978,     0.981,    [     0.000],    20.086
 0.978,     0.981,    [     0.000],    20.086
 0.979,     0.981,    [     0.000],    20.086

 pctg,    rr,    α,    β
 0.600,     0.982,    [     0.000],    20.086


seed_val:    6
 0.961,     0.972,    [     0.000],    20.086
 0.970,     0.972,    [     0.000],    20.086
 0.973,     0.972,    [     0.000],    20.086
 0.976,     0.975,    [     0.000],    20.086
 0.977,     0.976,    [     0.000],    20.086
 0.977,     0.977,    [     0.000],    20.086
 0.978,     0.978,    [     0.000],    20.086
 0.979,     0.978,    [     0.000],    20.086
 0.979,     0.978,    [     0.000],    20.086
 0.979,     0.979,    [     0.000],    20.086
 0.979,     0.978,    [     0.000],    20.086
 0.978,     0.979,    [     0.000],    20.086
 0.979,     0.980,    [     0.000],    20.086
 0.980,     0.980,    [     0.000],    20.086
 0.979,     0.980,    [     0.000],    20.086

 pctg,    rr,    α,    β
 0.600,     0.972,    [     0.000],    20.086


seed_val:    7
 0.946,     0.964,    [     0.000],    20.086
 0.957,     0.970,    [     0.000],    20.086
 0.961,     0.969,    [     0.000],    20.086
 0.964,     0.969,    [     0.000],    20.086
 0.967,     0.971,    [     0.000],    20.086
 0.968,     0.972,    [     0.000],    20.086
 0.970,     0.973,    [     0.000],    20.086
 0.971,     0.974,    [     0.000],    20.086
 0.971,     0.974,    [     0.000],    20.086
 0.972,     0.975,    [     0.000],    20.086
 0.973,     0.975,    [     0.000],    20.086
 0.974,     0.976,    [     0.000],    20.086
 0.975,     0.976,    [     0.000],    20.086
 0.975,     0.977,    [     0.000],    20.086
 0.977,     0.978,    [     0.000],    20.086

 pctg,    rr,    α,    β
 0.600,     0.976,    [     0.000],    20.086


seed_val:    8
 0.966,     0.972,    [     0.000],    20.086
 0.968,     0.973,    [     0.000],    20.086
 0.967,     0.974,    [     0.000],    20.086
 0.969,     0.975,    [     0.000],    20.086
 0.971,     0.976,    [     0.000],    20.086
 0.973,     0.978,    [     0.000],    20.086
 0.975,     0.979,    [     0.000],    20.086
 0.975,     0.979,    [     0.000],    20.086
 0.975,     0.980,    [     0.000],    20.086
 0.976,     0.980,    [     0.000],    20.086
 0.976,     0.980,    [     0.000],    20.086
 0.977,     0.980,    [     0.000],    20.086
 0.978,     0.981,    [     0.000],    20.086
 0.978,     0.981,    [     0.000],    20.086
 0.979,     0.982,    [     0.000],    20.086

 pctg,    rr,    α,    β
 0.600,     0.985,    [     0.000],    20.086


seed_val:    9
 0.963,     0.982,    [     0.000],    20.086
 0.964,     0.982,    [     0.000],    20.086
 0.965,     0.982,    [     0.000],    20.086
 0.966,     0.982,    [     0.000],    20.086
 0.967,     0.982,    [     0.000],    20.086
 0.967,     0.982,    [     0.000],    20.086
 0.969,     0.983,    [     0.000],    20.086
 0.969,     0.984,    [     0.000],    20.086
 0.969,     0.983,    [     0.000],    20.086
 0.969,     0.983,    [     0.000],    20.086
 0.969,     0.983,    [     0.000],    20.086
 0.970,     0.983,    [     0.000],    20.086
 0.971,     0.984,    [     0.000],    20.086
 0.971,     0.984,    [     0.000],    20.086
 0.971,     0.984,    [     0.000],    20.086

 pctg,    rr,    α,    β
 0.600,     0.980,    [     0.000],    20.086


seed_val:    10
 0.964,     0.972,    [     0.000],    20.086
 0.968,     0.977,    [     0.000],    20.086
 0.968,     0.977,    [     0.000],    20.086
 0.969,     0.976,    [     0.000],    20.086
 0.968,     0.975,    [     0.000],    20.086
 0.969,     0.975,    [     0.000],    20.086
 0.970,     0.976,    [     0.000],    20.086
 0.970,     0.976,    [     0.000],    20.086
 0.972,     0.976,    [     0.000],    20.086
 0.973,     0.977,    [     0.000],    20.086
 0.974,     0.977,    [     0.000],    20.086
 0.974,     0.977,    [     0.000],    20.086
 0.974,     0.978,    [     0.000],    20.086
 0.976,     0.978,    [     0.000],    20.086
 0.977,     0.978,    [     0.000],    20.086

 pctg,    rr,    α,    β
 0.600,     0.983,    [     0.000],    20.086

 trans: climate_2008_airT,     0.981 ±  0.005
 α, β: [     0.000] ± [     0.000], 20.086 ±  0.000