seed_val:    1
 0.944,     0.949,    [     0.000],    20.086
 0.953,     0.956,    [     0.000],    20.086
 0.955,     0.958,    [     0.000],    20.086
 0.956,     0.959,    [     0.000],    20.086
 0.957,     0.960,    [     0.000],    20.086
 0.957,     0.960,    [     0.000],    20.086
 0.958,     0.960,    [     0.000],    20.086
 0.957,     0.960,    [     0.000],    20.086
 0.958,     0.959,    [     0.000],    20.086
 0.958,     0.959,    [     0.000],    20.086
 0.959,     0.961,    [     0.000],    20.086
 0.960,     0.962,    [     0.000],    20.086
 0.960,     0.962,    [     0.000],    20.086
 0.960,     0.962,    [     0.000],    20.086
 0.960,     0.962,    [     0.000],    20.086

 pctg,    rr,    α,    β
 0.600,     0.976,    [     0.000],    20.086


seed_val:    2
 0.907,     0.942,    [     0.000],    20.086
 0.942,     0.961,    [     0.000],    20.086
 0.953,     0.966,    [     0.000],    20.086
 0.954,     0.966,    [     0.000],    20.086
 0.955,     0.967,    [     0.000],    20.086
 0.955,     0.966,    [     0.000],    20.086
 0.956,     0.966,    [     0.000],    20.086
 0.956,     0.965,    [     0.000],    20.086
 0.956,     0.965,    [     0.000],    20.086
 0.956,     0.965,    [     0.000],    20.086
 0.956,     0.964,    [     0.000],    20.086
 0.957,     0.964,    [     0.000],    20.086
 0.957,     0.964,    [     0.000],    20.086
 0.957,     0.964,    [     0.000],    20.086
 0.957,     0.964,    [     0.000],    20.086

 pctg,    rr,    α,    β
 0.600,     0.977,    [     0.000],    20.086


seed_val:    3
 0.901,     0.948,    [     0.000],    20.086
 0.951,     0.966,    [     0.000],    20.086
 0.956,     0.968,    [     0.000],    20.086
 0.956,     0.968,    [     0.000],    20.086
 0.957,     0.968,    [     0.000],    20.086
 0.957,     0.967,    [     0.000],    20.086
 0.956,     0.966,    [     0.000],    20.086
 0.957,     0.967,    [     0.000],    20.086
 0.957,     0.967,    [     0.000],    20.086
 0.958,     0.967,    [     0.000],    20.086
 0.958,     0.966,    [     0.000],    20.086
 0.958,     0.967,    [     0.000],    20.086
 0.958,     0.967,    [     0.000],    20.086
 0.958,     0.967,    [     0.000],    20.086
 0.958,     0.967,    [     0.000],    20.086

 pctg,    rr,    α,    β
 0.600,     0.967,    [     0.000],    20.086


seed_val:    4
 0.938,     0.964,    [     0.000],    20.086
 0.950,     0.970,    [     0.000],    20.086
 0.953,     0.971,    [     0.000],    20.086
 0.954,     0.972,    [     0.000],    20.086
 0.956,     0.972,    [     0.000],    20.086
 0.956,     0.971,    [     0.000],    20.086
 0.956,     0.972,    [     0.000],    20.086
 0.957,     0.973,    [     0.000],    20.086
 0.956,     0.972,    [     0.000],    20.086
 0.958,     0.972,    [     0.000],    20.086
 0.958,     0.973,    [     0.000],    20.086
 0.959,     0.973,    [     0.000],    20.086
 0.957,     0.972,    [     0.000],    20.086
 0.958,     0.972,    [     0.000],    20.086
 0.959,     0.973,    [     0.000],    20.086

 pctg,    rr,    α,    β
 0.600,     0.971,    [     0.000],    20.086


seed_val:    5
 0.948,     0.963,    [     0.000],    20.086
 0.953,     0.967,    [     0.000],    20.086
 0.956,     0.968,    [     0.000],    20.086
 0.957,     0.969,    [     0.000],    20.086
 0.957,     0.969,    [     0.000],    20.086
 0.957,     0.970,    [     0.000],    20.086
 0.957,     0.969,    [     0.000],    20.086
 0.958,     0.969,    [     0.000],    20.086
 0.959,     0.969,    [     0.000],    20.086
 0.959,     0.969,    [     0.000],    20.086
 0.960,     0.969,    [     0.000],    20.086
 0.960,     0.969,    [     0.000],    20.086
 0.959,     0.968,    [     0.000],    20.086
 0.960,     0.968,    [     0.000],    20.086
 0.961,     0.969,    [     0.000],    20.086

 pctg,    rr,    α,    β
 0.600,     0.968,    [     0.000],    20.086


seed_val:    6
 0.914,     0.951,    [     0.000],    20.086
 0.942,     0.964,    [     0.000],    20.086
 0.953,     0.967,    [     0.000],    20.086
 0.957,     0.968,    [     0.000],    20.086
 0.959,     0.968,    [     0.000],    20.086
 0.960,     0.968,    [     0.000],    20.086
 0.961,     0.968,    [     0.000],    20.086
 0.961,     0.967,    [     0.000],    20.086
 0.961,     0.966,    [     0.000],    20.086
 0.962,     0.967,    [     0.000],    20.086
 0.962,     0.967,    [     0.000],    20.086
 0.962,     0.967,    [     0.000],    20.086
 0.962,     0.967,    [     0.000],    20.086
 0.962,     0.967,    [     0.000],    20.086
 0.962,     0.967,    [     0.000],    20.086

 pctg,    rr,    α,    β
 0.600,     0.966,    [     0.000],    20.086


seed_val:    7
 0.921,     0.951,    [     0.000],    20.086
 0.937,     0.962,    [     0.000],    20.086
 0.945,     0.965,    [     0.000],    20.086
 0.950,     0.965,    [     0.000],    20.086
 0.951,     0.965,    [     0.000],    20.086
 0.953,     0.965,    [     0.000],    20.086
 0.955,     0.966,    [     0.000],    20.086
 0.955,     0.967,    [     0.000],    20.086
 0.954,     0.965,    [     0.000],    20.086
 0.954,     0.965,    [     0.000],    20.086
 0.956,     0.967,    [     0.000],    20.086
 0.956,     0.965,    [     0.000],    20.086
 0.956,     0.964,    [     0.000],    20.086
 0.957,     0.965,    [     0.000],    20.086
 0.957,     0.965,    [     0.000],    20.086

 pctg,    rr,    α,    β
 0.600,     0.968,    [     0.000],    20.086


seed_val:    8
 0.945,     0.958,    [     0.000],    20.086
 0.949,     0.959,    [     0.000],    20.086
 0.953,     0.960,    [     0.000],    20.086
 0.954,     0.962,    [     0.000],    20.086
 0.956,     0.963,    [     0.000],    20.086
 0.957,     0.964,    [     0.000],    20.086
 0.957,     0.965,    [     0.000],    20.086
 0.957,     0.963,    [     0.000],    20.086
 0.957,     0.964,    [     0.000],    20.086
 0.957,     0.964,    [     0.000],    20.086
 0.958,     0.965,    [     0.000],    20.086
 0.957,     0.964,    [     0.000],    20.086
 0.958,     0.965,    [     0.000],    20.086
 0.958,     0.965,    [     0.000],    20.086
 0.958,     0.964,    [     0.000],    20.086

 pctg,    rr,    α,    β
 0.600,     0.971,    [     0.000],    20.086


seed_val:    9
 0.924,     0.947,    [     0.000],    20.086
 0.950,     0.966,    [     0.000],    20.086
 0.954,     0.968,    [     0.000],    20.086
 0.953,     0.969,    [     0.000],    20.086
 0.953,     0.969,    [     0.000],    20.086
 0.951,     0.967,    [     0.000],    20.086
 0.951,     0.968,    [     0.000],    20.086
 0.950,     0.967,    [     0.000],    20.086
 0.951,     0.967,    [     0.000],    20.086
 0.951,     0.966,    [     0.000],    20.086
 0.950,     0.966,    [     0.000],    20.086
 0.951,     0.966,    [     0.000],    20.086
 0.952,     0.966,    [     0.000],    20.086
 0.952,     0.966,    [     0.000],    20.086
 0.951,     0.965,    [     0.000],    20.086

 pctg,    rr,    α,    β
 0.600,     0.969,    [     0.000],    20.086


seed_val:    10
 0.953,     0.960,    [     0.000],    20.086
 0.963,     0.963,    [     0.000],    20.086
 0.963,     0.962,    [     0.000],    20.086
 0.964,     0.962,    [     0.000],    20.086
 0.964,     0.962,    [     0.000],    20.086
 0.964,     0.961,    [     0.000],    20.086
 0.964,     0.962,    [     0.000],    20.086
 0.964,     0.961,    [     0.000],    20.086
 0.965,     0.962,    [     0.000],    20.086
 0.965,     0.962,    [     0.000],    20.086
 0.965,     0.963,    [     0.000],    20.086
 0.965,     0.962,    [     0.000],    20.086
 0.964,     0.962,    [     0.000],    20.086
 0.965,     0.962,    [     0.000],    20.086
 0.965,     0.961,    [     0.000],    20.086

 pctg,    rr,    α,    β
 0.600,     0.964,    [     0.000],    20.086

 trans: climate_2008_landT,     0.970 ±  0.004
 α, β: [     0.000] ± [     0.000], 20.086 ±  0.000