seed_val:    1
 0.756,     0.722,    [     0.000],    20.086
 0.804,     0.761,    [     0.000],    20.086
 0.821,     0.784,    [     0.000],    20.086
 0.831,     0.799,    [     0.000],    20.086
 0.837,     0.808,    [     0.000],    20.086
 0.841,     0.812,    [     0.000],    20.086
 0.845,     0.817,    [     0.000],    20.086
 0.847,     0.815,    [     0.000],    20.086
 0.850,     0.820,    [     0.000],    20.086
 0.852,     0.822,    [     0.000],    20.086
 0.852,     0.821,    [     0.000],    20.086
 0.853,     0.819,    [     0.000],    20.086
 0.856,     0.824,    [     0.000],    20.086
 0.859,     0.827,    [     0.000],    20.086
 0.861,     0.829,    [     0.000],    20.086

 pctg,    rr,    α,    β
 0.600,     0.866,    [     0.000],    20.086


seed_val:    2
 0.649,     0.668,    [     0.000],    20.086
 0.804,     0.812,    [     0.000],    20.086
 0.819,     0.824,    [     0.000],    20.086
 0.827,     0.832,    [     0.000],    20.086
 0.833,     0.837,    [     0.000],    20.086
 0.837,     0.839,    [     0.000],    20.086
 0.839,     0.840,    [     0.000],    20.086
 0.843,     0.841,    [     0.000],    20.086
 0.844,     0.842,    [     0.000],    20.086
 0.845,     0.841,    [     0.000],    20.086
 0.847,     0.843,    [     0.000],    20.086
 0.848,     0.843,    [     0.000],    20.086
 0.848,     0.842,    [     0.000],    20.086
 0.852,     0.847,    [     0.000],    20.086
 0.853,     0.848,    [     0.000],    20.086

 pctg,    rr,    α,    β
 0.600,     0.860,    [     0.000],    20.086


seed_val:    3
 0.765,     0.783,    [     0.000],    20.086
 0.797,     0.812,    [     0.000],    20.086
 0.809,     0.828,    [     0.000],    20.086
 0.816,     0.835,    [     0.000],    20.086
 0.821,     0.839,    [     0.000],    20.086
 0.826,     0.843,    [     0.000],    20.086
 0.829,     0.845,    [     0.000],    20.086
 0.831,     0.847,    [     0.000],    20.086
 0.835,     0.846,    [     0.000],    20.086
 0.837,     0.847,    [     0.000],    20.086
 0.841,     0.849,    [     0.000],    20.086
 0.842,     0.851,    [     0.000],    20.086
 0.844,     0.853,    [     0.000],    20.086
 0.847,     0.857,    [     0.000],    20.086
 0.848,     0.855,    [     0.000],    20.086

 pctg,    rr,    α,    β
 0.600,     0.851,    [     0.000],    20.086


seed_val:    4
 0.483,     0.516,    [     0.000],    20.086
 0.782,     0.793,    [     0.000],    20.086
 0.801,     0.807,    [     0.000],    20.086
 0.812,     0.819,    [     0.000],    20.086
 0.822,     0.828,    [     0.000],    20.086
 0.826,     0.833,    [     0.000],    20.086
 0.829,     0.835,    [     0.000],    20.086
 0.830,     0.837,    [     0.000],    20.086
 0.834,     0.837,    [     0.000],    20.086
 0.835,     0.835,    [     0.000],    20.086
 0.838,     0.837,    [     0.000],    20.086
 0.838,     0.840,    [     0.000],    20.086
 0.841,     0.838,    [     0.000],    20.086
 0.842,     0.841,    [     0.000],    20.086
 0.843,     0.839,    [     0.000],    20.086

 pctg,    rr,    α,    β
 0.600,     0.852,    [     0.000],    20.086


seed_val:    5
 0.731,     0.717,    [     0.000],    20.086
 0.815,     0.770,    [     0.000],    20.086
 0.828,     0.783,    [     0.000],    20.086
 0.838,     0.794,    [     0.000],    20.086
 0.843,     0.805,    [     0.000],    20.086
 0.848,     0.810,    [     0.000],    20.086
 0.853,     0.814,    [     0.000],    20.086
 0.856,     0.816,    [     0.000],    20.086
 0.858,     0.818,    [     0.000],    20.086
 0.862,     0.816,    [     0.000],    20.086
 0.863,     0.822,    [     0.000],    20.086
 0.865,     0.824,    [     0.000],    20.086
 0.861,     0.822,    [     0.000],    20.086
 0.867,     0.828,    [     0.000],    20.086
 0.869,     0.826,    [     0.000],    20.086

 pctg,    rr,    α,    β
 0.600,     0.825,    [     0.000],    20.086


seed_val:    6
 0.758,     0.759,    [     0.000],    20.086
 0.821,     0.812,    [     0.000],    20.086
 0.839,     0.825,    [     0.000],    20.086
 0.848,     0.831,    [     0.000],    20.086
 0.854,     0.834,    [     0.000],    20.086
 0.857,     0.839,    [     0.000],    20.086
 0.858,     0.839,    [     0.000],    20.086
 0.862,     0.841,    [     0.000],    20.086
 0.864,     0.840,    [     0.000],    20.086
 0.865,     0.843,    [     0.000],    20.086
 0.864,     0.843,    [     0.000],    20.086
 0.865,     0.840,    [     0.000],    20.086
 0.868,     0.841,    [     0.000],    20.086
 0.872,     0.846,    [     0.000],    20.086
 0.874,     0.848,    [     0.000],    20.086

 pctg,    rr,    α,    β
 0.600,     0.827,    [     0.000],    20.086


seed_val:    7
 0.496,     0.513,    [     0.000],    20.086
 0.723,     0.727,    [     0.000],    20.086
 0.826,     0.826,    [     0.000],    20.086
 0.838,     0.835,    [     0.000],    20.086
 0.844,     0.839,    [     0.000],    20.086
 0.847,     0.844,    [     0.000],    20.086
 0.850,     0.844,    [     0.000],    20.086
 0.853,     0.847,    [     0.000],    20.086
 0.854,     0.849,    [     0.000],    20.086
 0.856,     0.849,    [     0.000],    20.086
 0.858,     0.852,    [     0.000],    20.086
 0.859,     0.853,    [     0.000],    20.086
 0.860,     0.853,    [     0.000],    20.086
 0.861,     0.854,    [     0.000],    20.086
 0.863,     0.856,    [     0.000],    20.086

 pctg,    rr,    α,    β
 0.600,     0.816,    [     0.000],    20.086


seed_val:    8
 0.653,     0.658,    [     0.000],    20.086
 0.797,     0.763,    [     0.000],    20.086
 0.809,     0.774,    [     0.000],    20.086
 0.818,     0.782,    [     0.000],    20.086
 0.825,     0.786,    [     0.000],    20.086
 0.833,     0.792,    [     0.000],    20.086
 0.837,     0.797,    [     0.000],    20.086
 0.839,     0.801,    [     0.000],    20.086
 0.845,     0.807,    [     0.000],    20.086
 0.849,     0.809,    [     0.000],    20.086
 0.852,     0.812,    [     0.000],    20.086
 0.853,     0.806,    [     0.000],    20.086
 0.856,     0.812,    [     0.000],    20.086
 0.859,     0.817,    [     0.000],    20.086
 0.860,     0.813,    [     0.000],    20.086

 pctg,    rr,    α,    β
 0.600,     0.876,    [     0.000],    20.086


seed_val:    9
 0.706,     0.721,    [     0.000],    20.086
 0.803,     0.799,    [     0.000],    20.086
 0.813,     0.807,    [     0.000],    20.086
 0.821,     0.813,    [     0.000],    20.086
 0.826,     0.819,    [     0.000],    20.086
 0.832,     0.825,    [     0.000],    20.086
 0.836,     0.826,    [     0.000],    20.086
 0.838,     0.828,    [     0.000],    20.086
 0.841,     0.830,    [     0.000],    20.086
 0.843,     0.832,    [     0.000],    20.086
 0.844,     0.831,    [     0.000],    20.086
 0.846,     0.830,    [     0.000],    20.086
 0.848,     0.833,    [     0.000],    20.086
 0.849,     0.833,    [     0.000],    20.086
 0.850,     0.834,    [     0.000],    20.086

 pctg,    rr,    α,    β
 0.600,     0.840,    [     0.000],    20.086


seed_val:    10
 0.642,     0.665,    [     0.000],    20.086
 0.814,     0.830,    [     0.000],    20.086
 0.830,     0.840,    [     0.000],    20.086
 0.835,     0.843,    [     0.000],    20.086
 0.844,     0.848,    [     0.000],    20.086
 0.846,     0.851,    [     0.000],    20.086
 0.850,     0.849,    [     0.000],    20.086
 0.852,     0.853,    [     0.000],    20.086
 0.855,     0.854,    [     0.000],    20.086
 0.857,     0.856,    [     0.000],    20.086
 0.858,     0.853,    [     0.000],    20.086
 0.860,     0.854,    [     0.000],    20.086
 0.863,     0.860,    [     0.000],    20.086
 0.865,     0.862,    [     0.000],    20.086
 0.865,     0.860,    [     0.000],    20.086

 pctg,    rr,    α,    β
 0.600,     0.810,    [     0.000],    20.086

 trans: climate_2008_sunlight,     0.842 ±  0.022
 α, β: [     0.000] ± [     0.000], 20.086 ±  0.000