seed_val:    1
 0.834,     0.811,    [     0.000],    20.086
 0.863,     0.846,    [     0.000],    20.086
 0.874,     0.862,    [     0.000],    20.086
 0.880,     0.865,    [     0.000],    20.086
 0.884,     0.872,    [     0.000],    20.086
 0.887,     0.874,    [     0.000],    20.086
 0.891,     0.878,    [     0.000],    20.086
 0.894,     0.878,    [     0.000],    20.086
 0.897,     0.884,    [     0.000],    20.086
 0.900,     0.885,    [     0.000],    20.086
 0.901,     0.890,    [     0.000],    20.086
 0.904,     0.889,    [     0.000],    20.086
 0.906,     0.886,    [     0.000],    20.086
 0.909,     0.896,    [     0.000],    20.086
 0.911,     0.892,    [     0.000],    20.086

 pctg,    rr,    α,    β
 0.600,     0.900,    [     0.000],    20.086


seed_val:    2
 0.814,     0.807,    [     0.000],    20.086
 0.843,     0.833,    [     0.000],    20.086
 0.857,     0.845,    [     0.000],    20.086
 0.868,     0.857,    [     0.000],    20.086
 0.877,     0.865,    [     0.000],    20.086
 0.884,     0.871,    [     0.000],    20.086
 0.889,     0.877,    [     0.000],    20.086
 0.895,     0.882,    [     0.000],    20.086
 0.899,     0.886,    [     0.000],    20.086
 0.903,     0.890,    [     0.000],    20.086
 0.906,     0.892,    [     0.000],    20.086
 0.910,     0.896,    [     0.000],    20.086
 0.911,     0.896,    [     0.000],    20.086
 0.915,     0.902,    [     0.000],    20.086
 0.917,     0.903,    [     0.000],    20.086

 pctg,    rr,    α,    β
 0.600,     0.919,    [     0.000],    20.086


seed_val:    3
 0.726,     0.723,    [     0.000],    20.086
 0.826,     0.829,    [     0.000],    20.086
 0.840,     0.846,    [     0.000],    20.086
 0.850,     0.857,    [     0.000],    20.086
 0.859,     0.865,    [     0.000],    20.086
 0.866,     0.873,    [     0.000],    20.086
 0.872,     0.877,    [     0.000],    20.086
 0.877,     0.882,    [     0.000],    20.086
 0.879,     0.885,    [     0.000],    20.086
 0.883,     0.883,    [     0.000],    20.086
 0.887,     0.886,    [     0.000],    20.086
 0.890,     0.891,    [     0.000],    20.086
 0.893,     0.891,    [     0.000],    20.086
 0.895,     0.892,    [     0.000],    20.086
 0.896,     0.892,    [     0.000],    20.086

 pctg,    rr,    α,    β
 0.600,     0.897,    [     0.000],    20.086


seed_val:    4
 0.751,     0.773,    [     0.000],    20.086
 0.835,     0.850,    [     0.000],    20.086
 0.862,     0.879,    [     0.000],    20.086
 0.878,     0.889,    [     0.000],    20.086
 0.890,     0.896,    [     0.000],    20.086
 0.898,     0.900,    [     0.000],    20.086
 0.901,     0.902,    [     0.000],    20.086
 0.907,     0.903,    [     0.000],    20.086
 0.909,     0.902,    [     0.000],    20.086
 0.913,     0.909,    [     0.000],    20.086
 0.915,     0.911,    [     0.000],    20.086
 0.917,     0.910,    [     0.000],    20.086
 0.916,     0.912,    [     0.000],    20.086
 0.920,     0.913,    [     0.000],    20.086
 0.921,     0.913,    [     0.000],    20.086

 pctg,    rr,    α,    β
 0.600,     0.915,    [     0.000],    20.086


seed_val:    5
 0.848,     0.826,    [     0.000],    20.086
 0.867,     0.842,    [     0.000],    20.086
 0.874,     0.843,    [     0.000],    20.086
 0.883,     0.854,    [     0.000],    20.086
 0.887,     0.860,    [     0.000],    20.086
 0.890,     0.862,    [     0.000],    20.086
 0.895,     0.866,    [     0.000],    20.086
 0.898,     0.867,    [     0.000],    20.086
 0.901,     0.870,    [     0.000],    20.086
 0.903,     0.871,    [     0.000],    20.086
 0.904,     0.875,    [     0.000],    20.086
 0.906,     0.874,    [     0.000],    20.086
 0.906,     0.874,    [     0.000],    20.086
 0.910,     0.882,    [     0.000],    20.086
 0.912,     0.881,    [     0.000],    20.086

 pctg,    rr,    α,    β
 0.600,     0.898,    [     0.000],    20.086


seed_val:    6
 0.757,     0.767,    [     0.000],    20.086
 0.849,     0.856,    [     0.000],    20.086
 0.862,     0.867,    [     0.000],    20.086
 0.873,     0.875,    [     0.000],    20.086
 0.880,     0.879,    [     0.000],    20.086
 0.885,     0.881,    [     0.000],    20.086
 0.887,     0.883,    [     0.000],    20.086
 0.890,     0.883,    [     0.000],    20.086
 0.893,     0.883,    [     0.000],    20.086
 0.894,     0.885,    [     0.000],    20.086
 0.897,     0.886,    [     0.000],    20.086
 0.896,     0.881,    [     0.000],    20.086
 0.901,     0.886,    [     0.000],    20.086
 0.903,     0.888,    [     0.000],    20.086
 0.905,     0.891,    [     0.000],    20.086

 pctg,    rr,    α,    β
 0.600,     0.888,    [     0.000],    20.086


seed_val:    7
 0.811,     0.813,    [     0.000],    20.086
 0.848,     0.851,    [     0.000],    20.086
 0.860,     0.863,    [     0.000],    20.086
 0.872,     0.875,    [     0.000],    20.086
 0.879,     0.883,    [     0.000],    20.086
 0.885,     0.887,    [     0.000],    20.086
 0.888,     0.890,    [     0.000],    20.086
 0.890,     0.895,    [     0.000],    20.086
 0.894,     0.897,    [     0.000],    20.086
 0.895,     0.899,    [     0.000],    20.086
 0.897,     0.902,    [     0.000],    20.086
 0.899,     0.902,    [     0.000],    20.086
 0.901,     0.906,    [     0.000],    20.086
 0.904,     0.910,    [     0.000],    20.086
 0.906,     0.911,    [     0.000],    20.086

 pctg,    rr,    α,    β
 0.600,     0.881,    [     0.000],    20.086


seed_val:    8
 0.834,     0.807,    [     0.000],    20.086
 0.860,     0.826,    [     0.000],    20.086
 0.871,     0.839,    [     0.000],    20.086
 0.877,     0.845,    [     0.000],    20.086
 0.881,     0.849,    [     0.000],    20.086
 0.884,     0.856,    [     0.000],    20.086
 0.887,     0.859,    [     0.000],    20.086
 0.890,     0.860,    [     0.000],    20.086
 0.891,     0.864,    [     0.000],    20.086
 0.891,     0.864,    [     0.000],    20.086
 0.893,     0.866,    [     0.000],    20.086
 0.895,     0.868,    [     0.000],    20.086
 0.895,     0.868,    [     0.000],    20.086
 0.898,     0.872,    [     0.000],    20.086
 0.898,     0.871,    [     0.000],    20.086

 pctg,    rr,    α,    β
 0.600,     0.897,    [     0.000],    20.086


seed_val:    9
 0.743,     0.766,    [     0.000],    20.086
 0.836,     0.854,    [     0.000],    20.086
 0.846,     0.859,    [     0.000],    20.086
 0.854,     0.864,    [     0.000],    20.086
 0.862,     0.870,    [     0.000],    20.086
 0.868,     0.872,    [     0.000],    20.086
 0.874,     0.875,    [     0.000],    20.086
 0.879,     0.877,    [     0.000],    20.086
 0.883,     0.879,    [     0.000],    20.086
 0.887,     0.883,    [     0.000],    20.086
 0.889,     0.884,    [     0.000],    20.086
 0.893,     0.887,    [     0.000],    20.086
 0.895,     0.889,    [     0.000],    20.086
 0.898,     0.893,    [     0.000],    20.086
 0.900,     0.893,    [     0.000],    20.086

 pctg,    rr,    α,    β
 0.600,     0.890,    [     0.000],    20.086


seed_val:    10
 0.775,     0.779,    [     0.000],    20.086
 0.835,     0.844,    [     0.000],    20.086
 0.852,     0.863,    [     0.000],    20.086
 0.862,     0.871,    [     0.000],    20.086
 0.871,     0.880,    [     0.000],    20.086
 0.878,     0.884,    [     0.000],    20.086
 0.883,     0.885,    [     0.000],    20.086
 0.887,     0.890,    [     0.000],    20.086
 0.891,     0.893,    [     0.000],    20.086
 0.894,     0.896,    [     0.000],    20.086
 0.897,     0.898,    [     0.000],    20.086
 0.900,     0.899,    [     0.000],    20.086
 0.903,     0.904,    [     0.000],    20.086
 0.906,     0.906,    [     0.000],    20.086
 0.909,     0.906,    [     0.000],    20.086

 pctg,    rr,    α,    β
 0.600,     0.895,    [     0.000],    20.086

 trans: climate_2008_sunlight,     0.898 ±  0.011
 α, β: [     0.000] ± [     0.000], 20.086 ±  0.000