seed_val:    1
 0.960,     0.975,    [     0.000],    20.086
 0.961,     0.976,    [     0.000],    20.086
 0.961,     0.977,    [     0.000],    20.086
 0.962,     0.977,    [     0.000],    20.086
 0.962,     0.977,    [     0.000],    20.086
 0.963,     0.977,    [     0.000],    20.086
 0.964,     0.977,    [     0.000],    20.086
 0.963,     0.978,    [     0.000],    20.086
 0.964,     0.978,    [     0.000],    20.086
 0.965,     0.978,    [     0.000],    20.086
 0.966,     0.978,    [     0.000],    20.086
 0.966,     0.978,    [     0.000],    20.086
 0.967,     0.978,    [     0.000],    20.086
 0.967,     0.978,    [     0.000],    20.086
 0.967,     0.978,    [     0.000],    20.086

 pctg,    rr,    α,    β
 0.600,     0.976,    [     0.000],    20.086


seed_val:    2
 0.941,     0.974,    [     0.000],    20.086
 0.949,     0.977,    [     0.000],    20.086
 0.952,     0.977,    [     0.000],    20.086
 0.954,     0.978,    [     0.000],    20.086
 0.957,     0.978,    [     0.000],    20.086
 0.959,     0.978,    [     0.000],    20.086
 0.961,     0.979,    [     0.000],    20.086
 0.961,     0.978,    [     0.000],    20.086
 0.962,     0.978,    [     0.000],    20.086
 0.963,     0.978,    [     0.000],    20.086
 0.965,     0.979,    [     0.000],    20.086
 0.965,     0.979,    [     0.000],    20.086
 0.966,     0.979,    [     0.000],    20.086
 0.966,     0.980,    [     0.000],    20.086
 0.967,     0.980,    [     0.000],    20.086

 pctg,    rr,    α,    β
 0.600,     0.978,    [     0.000],    20.086


seed_val:    3
 0.956,     0.973,    [     0.000],    20.086
 0.957,     0.976,    [     0.000],    20.086
 0.958,     0.976,    [     0.000],    20.086
 0.959,     0.976,    [     0.000],    20.086
 0.960,     0.976,    [     0.000],    20.086
 0.961,     0.976,    [     0.000],    20.086
 0.962,     0.976,    [     0.000],    20.086
 0.963,     0.976,    [     0.000],    20.086
 0.963,     0.975,    [     0.000],    20.086
 0.962,     0.975,    [     0.000],    20.086
 0.963,     0.975,    [     0.000],    20.086
 0.964,     0.975,    [     0.000],    20.086
 0.964,     0.975,    [     0.000],    20.086
 0.964,     0.975,    [     0.000],    20.086
 0.964,     0.975,    [     0.000],    20.086

 pctg,    rr,    α,    β
 0.600,     0.976,    [     0.000],    20.086


seed_val:    4
 0.948,     0.967,    [     0.000],    20.086
 0.950,     0.970,    [     0.000],    20.086
 0.953,     0.973,    [     0.000],    20.086
 0.956,     0.975,    [     0.000],    20.086
 0.960,     0.975,    [     0.000],    20.086
 0.960,     0.976,    [     0.000],    20.086
 0.962,     0.976,    [     0.000],    20.086
 0.962,     0.976,    [     0.000],    20.086
 0.962,     0.975,    [     0.000],    20.086
 0.963,     0.976,    [     0.000],    20.086
 0.963,     0.976,    [     0.000],    20.086
 0.963,     0.976,    [     0.000],    20.086
 0.964,     0.978,    [     0.000],    20.086
 0.964,     0.977,    [     0.000],    20.086
 0.964,     0.977,    [     0.000],    20.086

 pctg,    rr,    α,    β
 0.600,     0.980,    [     0.000],    20.086


seed_val:    5
 0.954,     0.971,    [     0.000],    20.086
 0.955,     0.971,    [     0.000],    20.086
 0.957,     0.971,    [     0.000],    20.086
 0.959,     0.971,    [     0.000],    20.086
 0.961,     0.971,    [     0.000],    20.086
 0.962,     0.971,    [     0.000],    20.086
 0.963,     0.972,    [     0.000],    20.086
 0.964,     0.971,    [     0.000],    20.086
 0.964,     0.971,    [     0.000],    20.086
 0.965,     0.971,    [     0.000],    20.086
 0.966,     0.972,    [     0.000],    20.086
 0.965,     0.971,    [     0.000],    20.086
 0.965,     0.971,    [     0.000],    20.086
 0.966,     0.972,    [     0.000],    20.086
 0.966,     0.972,    [     0.000],    20.086

 pctg,    rr,    α,    β
 0.600,     0.976,    [     0.000],    20.086


seed_val:    6
 0.958,     0.970,    [     0.000],    20.086
 0.959,     0.974,    [     0.000],    20.086
 0.962,     0.974,    [     0.000],    20.086
 0.963,     0.974,    [     0.000],    20.086
 0.964,     0.973,    [     0.000],    20.086
 0.965,     0.972,    [     0.000],    20.086
 0.965,     0.972,    [     0.000],    20.086
 0.967,     0.972,    [     0.000],    20.086
 0.967,     0.971,    [     0.000],    20.086
 0.966,     0.971,    [     0.000],    20.086
 0.967,     0.971,    [     0.000],    20.086
 0.968,     0.971,    [     0.000],    20.086
 0.969,     0.971,    [     0.000],    20.086
 0.968,     0.970,    [     0.000],    20.086
 0.969,     0.970,    [     0.000],    20.086

 pctg,    rr,    α,    β
 0.600,     0.974,    [     0.000],    20.086


seed_val:    7
 0.957,     0.983,    [     0.000],    20.086
 0.960,     0.984,    [     0.000],    20.086
 0.962,     0.985,    [     0.000],    20.086
 0.961,     0.985,    [     0.000],    20.086
 0.962,     0.985,    [     0.000],    20.086
 0.963,     0.985,    [     0.000],    20.086
 0.962,     0.985,    [     0.000],    20.086
 0.963,     0.986,    [     0.000],    20.086
 0.964,     0.986,    [     0.000],    20.086
 0.963,     0.986,    [     0.000],    20.086
 0.964,     0.985,    [     0.000],    20.086
 0.965,     0.985,    [     0.000],    20.086
 0.964,     0.984,    [     0.000],    20.086
 0.965,     0.984,    [     0.000],    20.086
 0.965,     0.985,    [     0.000],    20.086

 pctg,    rr,    α,    β
 0.600,     0.973,    [     0.000],    20.086


seed_val:    8
 0.956,     0.969,    [     0.000],    20.086
 0.957,     0.969,    [     0.000],    20.086
 0.959,     0.970,    [     0.000],    20.086
 0.960,     0.970,    [     0.000],    20.086
 0.961,     0.970,    [     0.000],    20.086
 0.961,     0.970,    [     0.000],    20.086
 0.961,     0.970,    [     0.000],    20.086
 0.962,     0.970,    [     0.000],    20.086
 0.961,     0.970,    [     0.000],    20.086
 0.961,     0.971,    [     0.000],    20.086
 0.962,     0.970,    [     0.000],    20.086
 0.962,     0.970,    [     0.000],    20.086
 0.962,     0.970,    [     0.000],    20.086
 0.962,     0.971,    [     0.000],    20.086
 0.963,     0.971,    [     0.000],    20.086

 pctg,    rr,    α,    β
 0.600,     0.978,    [     0.000],    20.086


seed_val:    9
 0.950,     0.976,    [     0.000],    20.086
 0.952,     0.978,    [     0.000],    20.086
 0.955,     0.978,    [     0.000],    20.086
 0.956,     0.978,    [     0.000],    20.086
 0.958,     0.978,    [     0.000],    20.086
 0.960,     0.978,    [     0.000],    20.086
 0.960,     0.978,    [     0.000],    20.086
 0.961,     0.978,    [     0.000],    20.086
 0.962,     0.978,    [     0.000],    20.086
 0.961,     0.978,    [     0.000],    20.086
 0.962,     0.978,    [     0.000],    20.086
 0.963,     0.978,    [     0.000],    20.086
 0.964,     0.978,    [     0.000],    20.086
 0.964,     0.978,    [     0.000],    20.086
 0.964,     0.978,    [     0.000],    20.086

 pctg,    rr,    α,    β
 0.600,     0.978,    [     0.000],    20.086


seed_val:    10
 0.959,     0.970,    [     0.000],    20.086
 0.958,     0.971,    [     0.000],    20.086
 0.957,     0.971,    [     0.000],    20.086
 0.956,     0.971,    [     0.000],    20.086
 0.957,     0.972,    [     0.000],    20.086
 0.958,     0.972,    [     0.000],    20.086
 0.959,     0.973,    [     0.000],    20.086
 0.960,     0.973,    [     0.000],    20.086
 0.961,     0.973,    [     0.000],    20.086
 0.962,     0.973,    [     0.000],    20.086
 0.962,     0.973,    [     0.000],    20.086
 0.963,     0.973,    [     0.000],    20.086
 0.963,     0.974,    [     0.000],    20.086
 0.964,     0.974,    [     0.000],    20.086
 0.964,     0.973,    [     0.000],    20.086

 pctg,    rr,    α,    β
 0.600,     0.975,    [     0.000],    20.086

 trans: climate_2008_sunlight,     0.976 ±  0.002
 α, β: [     0.000] ± [     0.000], 20.086 ±  0.000