seed_val:    1
 0.952,     0.969,    [     0.000],    20.086
 0.952,     0.969,    [     0.000],    20.086
 0.952,     0.969,    [     0.000],    20.086
 0.952,     0.969,    [     0.000],    20.086
 0.952,     0.969,    [     0.000],    20.086
 0.952,     0.969,    [     0.000],    20.086
 0.952,     0.969,    [     0.000],    20.086
 0.952,     0.969,    [     0.000],    20.086
 0.952,     0.969,    [     0.000],    20.086
 0.952,     0.969,    [     0.000],    20.086
 0.952,     0.969,    [     0.000],    20.086
 0.952,     0.969,    [     0.000],    20.086
 0.952,     0.969,    [     0.000],    20.086
 0.952,     0.969,    [     0.000],    20.086
 0.952,     0.969,    [     0.000],    20.086

 pctg,    rr,    α,    β
 0.600,     0.964,    [     0.000],    20.086


seed_val:    2
 0.950,     0.972,    [     0.000],    20.086
 0.950,     0.972,    [     0.000],    20.086
 0.950,     0.972,    [     0.000],    20.086
 0.950,     0.972,    [     0.000],    20.086
 0.950,     0.972,    [     0.000],    20.086
 0.950,     0.972,    [     0.000],    20.086
 0.950,     0.972,    [     0.000],    20.086
 0.950,     0.972,    [     0.000],    20.086
 0.950,     0.972,    [     0.000],    20.086
 0.950,     0.972,    [     0.000],    20.086
 0.950,     0.972,    [     0.000],    20.086
 0.950,     0.972,    [     0.000],    20.086
 0.950,     0.972,    [     0.000],    20.086
 0.950,     0.972,    [     0.000],    20.086
 0.950,     0.972,    [     0.000],    20.086

 pctg,    rr,    α,    β
 0.600,     0.961,    [     0.000],    20.086


seed_val:    3
 0.952,     0.968,    [     0.000],    20.086
 0.952,     0.968,    [     0.000],    20.086
 0.952,     0.968,    [     0.000],    20.086
 0.952,     0.968,    [     0.000],    20.086
 0.952,     0.968,    [     0.000],    20.086
 0.952,     0.968,    [     0.000],    20.086
 0.952,     0.968,    [     0.000],    20.086
 0.952,     0.968,    [     0.000],    20.086
 0.952,     0.968,    [     0.000],    20.086
 0.952,     0.968,    [     0.000],    20.086
 0.952,     0.968,    [     0.000],    20.086
 0.952,     0.968,    [     0.000],    20.086
 0.952,     0.968,    [     0.000],    20.086
 0.952,     0.968,    [     0.000],    20.086
 0.952,     0.968,    [     0.000],    20.086

 pctg,    rr,    α,    β
 0.600,     0.964,    [     0.000],    20.086


seed_val:    4
 0.948,     0.968,    [     0.000],    20.086
 0.948,     0.968,    [     0.000],    20.086
 0.948,     0.968,    [     0.000],    20.086
 0.948,     0.968,    [     0.000],    20.086
 0.948,     0.968,    [     0.000],    20.086
 0.948,     0.968,    [     0.000],    20.086
 0.948,     0.968,    [     0.000],    20.086
 0.948,     0.968,    [     0.000],    20.086
 0.948,     0.968,    [     0.000],    20.086
 0.948,     0.968,    [     0.000],    20.086
 0.948,     0.968,    [     0.000],    20.086
 0.948,     0.968,    [     0.000],    20.086
 0.948,     0.968,    [     0.000],    20.086
 0.948,     0.968,    [     0.000],    20.086
 0.948,     0.968,    [     0.000],    20.086

 pctg,    rr,    α,    β
 0.600,     0.971,    [     0.000],    20.086


seed_val:    5
 0.944,     0.966,    [     0.000],    20.086
 0.944,     0.966,    [     0.000],    20.086
 0.944,     0.966,    [     0.000],    20.086
 0.944,     0.966,    [     0.000],    20.086
 0.944,     0.966,    [     0.000],    20.086
 0.944,     0.966,    [     0.000],    20.086
 0.944,     0.966,    [     0.000],    20.086
 0.944,     0.966,    [     0.000],    20.086
 0.944,     0.966,    [     0.000],    20.086
 0.944,     0.966,    [     0.000],    20.086
 0.944,     0.966,    [     0.000],    20.086
 0.944,     0.966,    [     0.000],    20.086
 0.944,     0.966,    [     0.000],    20.086
 0.944,     0.966,    [     0.000],    20.086
 0.944,     0.966,    [     0.000],    20.086

 pctg,    rr,    α,    β
 0.600,     0.963,    [     0.000],    20.086


seed_val:    6
 0.955,     0.959,    [     0.000],    20.086
 0.955,     0.959,    [     0.000],    20.086
 0.955,     0.959,    [     0.000],    20.086
 0.955,     0.959,    [     0.000],    20.086
 0.955,     0.959,    [     0.000],    20.086
 0.955,     0.959,    [     0.000],    20.086
 0.955,     0.959,    [     0.000],    20.086
 0.955,     0.959,    [     0.000],    20.086
 0.955,     0.959,    [     0.000],    20.086
 0.955,     0.959,    [     0.000],    20.086
 0.955,     0.959,    [     0.000],    20.086
 0.955,     0.959,    [     0.000],    20.086
 0.955,     0.959,    [     0.000],    20.086
 0.955,     0.959,    [     0.000],    20.086
 0.955,     0.959,    [     0.000],    20.086

 pctg,    rr,    α,    β
 0.600,     0.964,    [     0.000],    20.086


seed_val:    7
 0.951,     0.972,    [     0.000],    20.086
 0.951,     0.972,    [     0.000],    20.086
 0.951,     0.972,    [     0.000],    20.086
 0.951,     0.972,    [     0.000],    20.086
 0.951,     0.972,    [     0.000],    20.086
 0.951,     0.972,    [     0.000],    20.086
 0.951,     0.972,    [     0.000],    20.086
 0.951,     0.972,    [     0.000],    20.086
 0.951,     0.972,    [     0.000],    20.086
 0.951,     0.972,    [     0.000],    20.086
 0.951,     0.972,    [     0.000],    20.086
 0.951,     0.972,    [     0.000],    20.086
 0.951,     0.972,    [     0.000],    20.086
 0.951,     0.972,    [     0.000],    20.086
 0.951,     0.972,    [     0.000],    20.086

 pctg,    rr,    α,    β
 0.600,     0.960,    [     0.000],    20.086


seed_val:    8
 0.943,     0.967,    [     0.000],    20.086
 0.943,     0.967,    [     0.000],    20.086
 0.943,     0.967,    [     0.000],    20.086
 0.943,     0.967,    [     0.000],    20.086
 0.943,     0.967,    [     0.000],    20.086
 0.943,     0.967,    [     0.000],    20.086
 0.943,     0.967,    [     0.000],    20.086
 0.943,     0.967,    [     0.000],    20.086
 0.943,     0.967,    [     0.000],    20.086
 0.943,     0.967,    [     0.000],    20.086
 0.943,     0.967,    [     0.000],    20.086
 0.943,     0.967,    [     0.000],    20.086
 0.943,     0.967,    [     0.000],    20.086
 0.943,     0.967,    [     0.000],    20.086
 0.943,     0.967,    [     0.000],    20.086

 pctg,    rr,    α,    β
 0.600,     0.970,    [     0.000],    20.086


seed_val:    9
 0.943,     0.968,    [     0.000],    20.086
 0.943,     0.968,    [     0.000],    20.086
 0.943,     0.968,    [     0.000],    20.086
 0.943,     0.968,    [     0.000],    20.086
 0.943,     0.968,    [     0.000],    20.086
 0.943,     0.968,    [     0.000],    20.086
 0.943,     0.968,    [     0.000],    20.086
 0.943,     0.968,    [     0.000],    20.086
 0.943,     0.968,    [     0.000],    20.086
 0.943,     0.968,    [     0.000],    20.086
 0.943,     0.968,    [     0.000],    20.086
 0.943,     0.968,    [     0.000],    20.086
 0.943,     0.968,    [     0.000],    20.086
 0.943,     0.968,    [     0.000],    20.086
 0.943,     0.968,    [     0.000],    20.086

 pctg,    rr,    α,    β
 0.600,     0.968,    [     0.000],    20.086


seed_val:    10
 0.952,     0.966,    [     0.000],    20.086
 0.952,     0.966,    [     0.000],    20.086
 0.952,     0.966,    [     0.000],    20.086
 0.952,     0.966,    [     0.000],    20.086
 0.952,     0.966,    [     0.000],    20.086
 0.952,     0.966,    [     0.000],    20.086
 0.952,     0.966,    [     0.000],    20.086
 0.952,     0.966,    [     0.000],    20.086
 0.952,     0.966,    [     0.000],    20.086
 0.952,     0.966,    [     0.000],    20.086
 0.952,     0.966,    [     0.000],    20.086
 0.952,     0.966,    [     0.000],    20.086
 0.952,     0.966,    [     0.000],    20.086
 0.952,     0.966,    [     0.000],    20.086
 0.952,     0.966,    [     0.000],    20.086

 pctg,    rr,    α,    β
 0.600,     0.964,    [     0.000],    20.086

 trans: climate_2008_sunlight,     0.965 ±  0.004
 α, β: [     0.000] ± [     0.000], 20.086 ±  0.000